9.533454818687e-02
9.225512901733e-02
9.853609475716e-02
9.395404658125e-02
9.119596436793e-02
9.058936002091e-02
9.230030436571e-02
9.514909661157e-02
9.373455495709e-02
9.473240048158e-02
8.999094032729e-02
9.844752401661e-02
1.236646450931e-01
1.003975973019e-01
1.048479821170e-01
1.238233721960e-01
1.028369515106e-01
1.019104516426e-01
1.182776939326e-01
9.804380526069e-02
1.170869812959e-01
9.299370618491e-02
9.458458896135e-02
1.132185523048e-01
9.511723922617e-02
1.155801648640e-01
9.187662102516e-02
9.508096598689e-02
1.150419605448e-01
9.586244428870e-02
1.123443224155e-01
9.098415317516e-02
9.395308257848e-02
1.123102978405e-01
9.218033311943e-02
1.140675488034e-01
9.239264007489e-02
9.344472587577e-02
1.145840563080e-01
9.707760254557e-02
1.208209394642e-01
1.070848155482e-01
1.324987754547e-01
1.013505375319e-01
1.003086331329e-01
1.104786984491e-01
1.086809606923e-01
1.007012479068e-01
1.295066716467e-01
1.025469321140e-01
9.839040915153e-02
1.250212079409e-01
9.645407925533e-02
1.079503244321e-01
1.035574791698e-01
9.861261512098e-02
1.218022336453e-01
9.511321835049e-02
9.220597146610e-02
1.218568893662e-01
9.814363423573e-02
1.021830618743e-01
1.028966706264e-01
9.679263836675e-02
1.240879695579e-01
9.605586354305e-02
9.641199391154e-02
1.233167199734e-01
9.571076544467e-02
1.020958512869e-01
9.960050089736e-02
9.567064285873e-02
1.190495419437e-01
8.747731884890e-02
9.196933635729e-02
1.150274544794e-01
9.306612602333e-02
9.413473708469e-02
9.656156225435e-02
9.155157296853e-02
1.173345263552e-01
9.206946110952e-02
9.156382745378e-02
1.210146554265e-01
9.215850283626e-02
1.085496100776e-01
1.038049633640e-01
1.043129729372e-01
1.303963247412e-01
1.011780694716e-01
1.333526496662e-01
1.031821234177e-01
9.802184585083e-02
1.077655833279e-01
1.187686771838e-01
9.652882766306e-02
1.182827550998e-01
1.072171138812e-01
9.515357490390e-02
1.303064802764e-01
1.008723368274e-01
9.494024695042e-02
1.258739484525e-01
9.860610963833e-02
1.010549993717e-01
1.111286316573e-01
9.780824589978e-02
1.142161644996e-01
9.921700528641e-02
9.769058849754e-02
1.241210512605e-01
9.634033579455e-02
9.411625847320e-02
1.280373037244e-01
9.658457518676e-02
1.046845219983e-01
1.142601789470e-01
1.006772493318e-01
1.129225999124e-01
1.039006472117e-01
9.888224928669e-02
1.302527485046e-01
1.009559709874e-01
9.757318966294e-02
1.303915537678e-01
9.828408411336e-02
1.034252264392e-01
1.114544959255e-01
9.836616791362e-02
1.115146832529e-01
9.688681053679e-02
9.531264500045e-02
1.243788828943e-01
9.069228600611e-02
9.234290774611e-02
1.187443894296e-01
9.298856782424e-02
9.108688410517e-02
1.020930686138e-01
9.041487843818e-02
1.006631996213e-01
9.155760738460e-02
8.988335535577e-02
1.404752052854e-01
9.225960198263e-02
9.087122725045e-02
1.255963453967e-01
9.475811295608e-02
9.577041100462e-02
1.123569795651e-01
9.480767617122e-02
1.161850209364e-01
1.057732400042e-01
1.001226497702e-01
1.329821786894e-01
9.653917583033e-02
1.399955441184e-01
1.074021486475e-01
1.025778275703e-01
1.097448807416e-01
1.252974471128e-01
1.008696895999e-01
1.136611087444e-01
1.133660902608e-01
1.010880936412e-01
1.178115948029e-01
1.045337934641e-01
1.002143960018e-01
1.225672684325e-01
9.495252119351e-02
9.833977430319e-02
1.358699867483e-01
9.393687611366e-02
9.924418288749e-02
1.264714785673e-01
1.024700193911e-01
1.030699504851e-01
1.178908560364e-01
9.877988907672e-02
1.072038878865e-01
1.085355685156e-01
1.005114621772e-01
1.105264743127e-01
1.014451454778e-01
9.569899174489e-02
1.262155198104e-01
1.016034021527e-01
1.016002605608e-01
1.478864305101e-01
1.037242608072e-01
1.057650373140e-01
1.363276538858e-01
1.052806007487e-01
1.094429487267e-01
1.254246021082e-01
1.058075849172e-01
1.151343638146e-01
1.184051281660e-01
1.046732792407e-01
1.313983189771e-01
1.107489905553e-01
1.123113749315e-01
1.408978911021e-01
1.033958596221e-01
1.063422691219e-01
1.346195047755e-01
1.015696545480e-01
1.000455387362e-01
1.180525593878e-01
9.693763286262e-02
1.003073480309e-01
1.098197760333e-01
9.824208870441e-02
1.050897522216e-01
9.590870392723e-02
9.538986907939e-02
1.083331546573e-01
9.263638667931e-02
9.417750351865e-02
1.194391452791e-01
9.578336088273e-02
9.495695680153e-02
1.297090203108e-01
9.422899070880e-02
9.581380843068e-02
1.231205336246e-01
9.709643405397e-02
9.949000638765e-02
1.185575998915e-01
1.023041070290e-01
1.119907545693e-01
1.149513017151e-01
1.038349737082e-01
1.270820450063e-01
1.069478597915e-01
1.020274181825e-01
1.408321710760e-01
1.056273186348e-01
1.496259750711e-01
1.162345621784e-01
1.067480609518e-01
1.161389669193e-01
1.332712124093e-01
1.057496293326e-01
1.171368962073e-01
1.213944616446e-01
1.067151180907e-01
1.191164662249e-01
1.132633687385e-01
1.054405975985e-01
1.225429829162e-01
1.022792853368e-01
1.024690975709e-01
1.274433789923e-01
9.779798426347e-02
9.948051039777e-02
1.386452397054e-01
9.730220222066e-02
9.415440695467e-02
1.289439766410e-01
9.655048572117e-02
9.967386545132e-02
1.213955923335e-01
9.764358044446e-02
1.048491451086e-01
1.137416142799e-01
9.869648750075e-02
1.134603204209e-01
1.073714168901e-01
1.028897252839e-01
1.170932601903e-01
1.038628428121e-01
9.758798353797e-02
1.311033827824e-01
1.070935371112e-01
1.068563446034e-01
1.563562108968e-01
1.102997575746e-01
1.092759750448e-01
1.466477279265e-01
1.089804217555e-01
1.149559934322e-01
1.394572182032e-01
1.121592131258e-01
1.237931896390e-01
1.323660057492e-01
1.114555145473e-01
1.333010476515e-01
1.311440904997e-01
1.156835846004e-01
1.432492326890e-01
1.178782696089e-01
1.142184405778e-01
1.471180071439e-01
1.099036779230e-01
1.092171478981e-01
1.418502057595e-01
1.030592424240e-01
1.053619107125e-01
1.262654428456e-01
1.027511017167e-01
1.040391051000e-01
1.180896369289e-01
1.002590971134e-01
1.084139731815e-01
1.079699172363e-01
9.794249002865e-02
1.149156284367e-01
1.063246309281e-01
9.586498011788e-02
1.255728518948e-01
1.035234755262e-01
9.499769902472e-02
1.263028646073e-01
1.072972767502e-01
9.874250769546e-02
1.352777036359e-01
9.998555082116e-02
1.034518115115e-01
1.342868586087e-01
1.005415865301e-01
1.095332011994e-01
1.348429576549e-01
1.047150086859e-01
1.162297251741e-01
1.285837986920e-01
1.100936796731e-01
1.282679397319e-01
1.153758596766e-01
1.108488786548e-01
1.370430626668e-01
1.178336520231e-01
1.116590713467e-01
1.488874258794e-01
1.089365358822e-01
1.611763514728e-01
1.263427560971e-01
1.139851863272e-01
1.273682994819e-01
1.452878042988e-01
1.135035785029e-01
1.267089291643e-01
1.330558447606e-01
1.117670051271e-01
1.265350662308e-01
1.202623238177e-01
1.083738426183e-01
1.285036902742e-01
1.119827564449e-01
1.063776985138e-01
1.287505974744e-01
1.034239837176e-01
1.022095135004e-01
1.322718508565e-01
9.868927950392e-02
1.004984113108e-01
1.393634293565e-01
9.741005066730e-02
9.680798959286e-02
1.289775489068e-01
9.525388392603e-02
9.822650504312e-02
1.216469117610e-01
9.460768645304e-02
1.049031218268e-01
1.169972542113e-01
9.870969651458e-02
1.106799298247e-01
1.141558377789e-01
9.880038532822e-02
1.213638309300e-01
1.106448365357e-01
1.017846023228e-01
1.259394959613e-01
1.108947711662e-01
1.027234712176e-01
1.414668700933e-01
1.152148128541e-01
1.071583265033e-01
1.663538459880e-01
1.145970403893e-01
1.183528417487e-01
1.607986152241e-01
1.109913306615e-01
1.263921109484e-01
1.545257060200e-01
1.162719312086e-01
1.347713703202e-01
1.484668357782e-01
1.234956599966e-01
1.408087684805e-01
1.449581398232e-01
1.222866841238e-01
1.477151701384e-01
1.343684473156e-01
1.171030994850e-01
1.529282077905e-01
1.211189293917e-01
1.139492372725e-01
1.554052253240e-01
1.095479705608e-01
1.097909364839e-01
1.417476068440e-01
1.059026740266e-01
1.067931044076e-01
1.324986683140e-01
1.066195354613e-01
1.081975721215e-01
1.253444560281e-01
1.045139141933e-01
1.084618028109e-01
1.140414589350e-01
9.894959551714e-02
1.100673184601e-01
1.079363437865e-01
9.903911196589e-02
1.183547547039e-01
1.104013166633e-01
1.012405501665e-01
1.304984723320e-01
1.047394659238e-01
9.813891242014e-02
1.320334213068e-01
1.018403942942e-01
9.710877127214e-02
1.413665305156e-01
1.007279499842e-01
1.101898657817e-01
1.346429171620e-01
1.052415403960e-01
1.051752559872e-01
1.325780077542e-01
1.065885361383e-01
1.191620918580e-01
1.391061555861e-01
1.146575128197e-01
1.312886782399e-01
1.289963976124e-01
1.204312315846e-01
1.349638324662e-01
1.275089164915e-01
1.158630043240e-01
1.458826492249e-01
1.268455131797e-01
1.146249518604e-01
1.600144471417e-01
1.127464568578e-01
1.754674463654e-01
1.374468964614e-01
1.237316622573e-01
1.371703000730e-01
1.639742604618e-01
1.233649887694e-01
1.333027767638e-01
1.508226876997e-01
1.219635445124e-01
1.294096648863e-01
1.395573205282e-01
1.197933816078e-01
1.248843694977e-01
1.259633239202e-01
1.160364268493e-01
1.189066387548e-01
1.220325528414e-01
1.133220373491e-01
1.181314975821e-01
1.097605353257e-01
1.050561453414e-01
1.151215139363e-01
1.079880706375e-01
1.035755239959e-01
1.163066676808e-01
1.054958864221e-01
1.003234920993e-01
1.184348480600e-01
1.021640001077e-01
9.868226197747e-02
1.221854261277e-01
1.015559846144e-01
9.636125587079e-02
1.338809800868e-01
1.066165047729e-01
9.897474472316e-02
1.370061482890e-01
1.056645975055e-01
1.014042746090e-01
1.449904033583e-01
1.066747787296e-01
1.054481781588e-01
1.506745997174e-01
1.086461207269e-01
1.090002083805e-01
1.528355541914e-01
1.113437847659e-01
1.160500031279e-01
1.562841281321e-01
1.190793460429e-01
1.228362693426e-01
1.617381965338e-01
1.221213297422e-01
1.328001769653e-01
1.625888260029e-01
1.243936096951e-01
1.436415309095e-01
1.626431678184e-01
1.269717858030e-01
1.489648820562e-01
1.581687872306e-01
1.255481342992e-01
1.549987186269e-01
1.472554333260e-01
1.270473834284e-01
1.566177628528e-01
1.336263614898e-01
1.230747730528e-01
1.576481538681e-01
1.215062461275e-01
1.226545434054e-01
1.546052373693e-01
1.187292840541e-01
1.215281190260e-01
1.523666712703e-01
1.128696087128e-01
1.161122213422e-01
1.513398507102e-01
1.086983078571e-01
1.117921118237e-01
1.492491848252e-01
1.023687784727e-01
1.070597805387e-01
1.392387009061e-01
1.036561748570e-01
9.894074641416e-02
1.289569043711e-01
9.982407836791e-02
1.030677336221e-01
1.312430355219e-01
1.090696747451e-01
1.099472002053e-01
1.298788885308e-01
1.038353734380e-01
1.078908328311e-01
1.222376332599e-01
1.009629659033e-01
1.091892344555e-01
1.201082536423e-01
1.014593656495e-01
1.168876514821e-01
1.220151536983e-01
1.058806270903e-01
1.202188740631e-01
1.200256947370e-01
1.122795784192e-01
1.280475828003e-01
1.243137651992e-01
1.150064987425e-01
1.414593594147e-01
1.356935805626e-01
1.196242614185e-01
1.429970503365e-01
1.301848758724e-01
1.205793671033e-01
1.501199587830e-01
1.343964852406e-01
1.250876541470e-01
1.628815687978e-01
1.390258849464e-01
1.253678427789e-01
1.777796950524e-01
1.255790252152e-01
1.899206102584e-01
1.489641297566e-01
1.336719266154e-01
1.475973925102e-01
1.774253062895e-01
1.345492063597e-01
1.446986683765e-01
1.628824604769e-01
1.338683054530e-01
1.385100582093e-01
1.501151116477e-01
1.306505590504e-01
1.327459840070e-01
1.369330496409e-01
1.256099218447e-01
1.254412108363e-01
1.252346666623e-01
1.183948088648e-01
1.218659902473e-01
1.182119000609e-01
1.111638845801e-01
1.187075008835e-01
1.138806228206e-01
1.098957616198e-01
1.207723779222e-01
1.082768118573e-01
1.041408857894e-01
1.203750086065e-01
1.075289242623e-01
9.891769237105e-02
1.183364115899e-01
1.054735925670e-01
9.838108093015e-02
1.267424661982e-01
1.034786831429e-01
9.628126954396e-02
1.350101262869e-01
1.054577391139e-01
9.847178972175e-02
1.414823471887e-01
1.063931363858e-01
1.017116511714e-01
1.533298514870e-01
1.044701173972e-01
1.062208718849e-01
1.538197666491e-01
1.104675530100e-01
1.091285425222e-01
1.572953798813e-01
1.169197695217e-01
1.167795407338e-01
1.622305116462e-01
1.246583825782e-01
1.231448268544e-01
1.675988556942e-01
1.317991262224e-01
1.258805758010e-01
1.667763651990e-01
1.304933468227e-01
1.422882763898e-01
1.714959713492e-01
1.237178716476e-01
1.594387057430e-01
1.698150260990e-01
1.283623423828e-01
1.634114447308e-01
1.679605699293e-01
1.292589735918e-01
1.698883217498e-01
1.492337678577e-01
1.316992798841e-01
1.680672371672e-01
1.433917957520e-01
1.357184871564e-01
1.744853031318e-01
1.352725699985e-01
1.348018582252e-01
1.675475543241e-01
1.211430579192e-01
1.282148116951e-01
1.613024027689e-01
1.140629082962e-01
1.221389996766e-01
1.566250736025e-01
1.062607049948e-01
1.162803601344e-01
1.500258561882e-01
1.098888237311e-01
1.034676388056e-01
1.415336322610e-01
1.060173007815e-01
1.031553940858e-01
1.342760514947e-01
1.021729763391e-01
9.949317832394e-02
1.316622249774e-01
1.013788261572e-01
1.055875222790e-01
1.301072065683e-01
1.025997664032e-01
1.080186382528e-01
1.267788056972e-01
1.034859987922e-01
1.069073664347e-01
1.219778022306e-01
1.005952029919e-01
1.138743556601e-01
1.232956718667e-01
1.053989069681e-01
1.206186512029e-01
1.272235983535e-01
1.118664226924e-01
1.219597231139e-01
1.231018803995e-01
1.129775698353e-01
1.345347252906e-01
1.304633610365e-01
1.215116872077e-01
1.424105220726e-01
1.328821700793e-01
1.274417132023e-01
1.490149937087e-01
1.406938774964e-01
1.293010865578e-01
1.606591981835e-01
1.438510112340e-01
1.330232493741e-01
1.782077238786e-01
1.487360034052e-01
1.344156702881e-01
1.902430392551e-01
1.342503621559e-01
2.028190644932e-01
1.571022510433e-01
1.416307140595e-01
1.560628127487e-01
1.938576258341e-01
1.474358977351e-01
1.565785926176e-01
1.761549271920e-01
1.455205405292e-01
1.482017906945e-01
1.624587435689e-01
1.401816488457e-01
1.408207739861e-01
1.500671309313e-01
1.338645967907e-01
1.348448932885e-01
1.367536943487e-01
1.261847535560e-01
1.287907513454e-01
1.283505546150e-01
1.196501504139e-01
1.238898860803e-01
1.177062828485e-01
1.126311115145e-01
1.229069380711e-01
1.100684448742e-01
1.070802263492e-01
1.144474350522e-01
1.013850619421e-01
1.011828076850e-01
1.142955727970e-01
9.822648121558e-02
9.694802051095e-02
1.173768791755e-01
9.440712809421e-02
9.694633716653e-02
1.176926934945e-01
9.361919988443e-02
9.558834184664e-02
1.248417304269e-01
9.799253011319e-02
9.874172902073e-02
1.340226082943e-01
1.006666059277e-01
9.848353954348e-02
1.425705234821e-01
1.044558328002e-01
1.041561311300e-01
1.545166941045e-01
1.116367667976e-01
1.092784057945e-01
1.603365749571e-01
1.163527787979e-01
1.201749917745e-01
1.680674805071e-01
1.245118864205e-01
1.251611278113e-01
1.718977796425e-01
1.238383317919e-01
1.325024316871e-01
1.795004947598e-01
1.450196198175e-01
1.369832121904e-01
1.880833628846e-01
1.473220246330e-01
1.572649739929e-01
1.807113904380e-01
1.328551126642e-01
1.616792242807e-01
1.741926360183e-01
1.438264925631e-01
1.735103561319e-01
1.602119858095e-01
1.300680226651e-01
1.839854768480e-01
1.494986274118e-01
1.428784006804e-01
1.815352640839e-01
1.447572116822e-01
1.407619303007e-01
1.772395091704e-01
1.334774772424e-01
1.363865726089e-01
1.707727309057e-01
1.202806699391e-01
1.328048149880e-01
1.628485889930e-01
1.123217986947e-01
1.240804749387e-01
1.601000368676e-01
1.080860680616e-01
1.154807941001e-01
1.561297324471e-01
1.049311574366e-01
1.101612175359e-01
1.453993534717e-01
1.127301305375e-01
1.039668788270e-01
1.392164197284e-01
1.032633803679e-01
1.047110331914e-01
1.328342544716e-01
1.002366567530e-01
1.036305887179e-01
1.287151269781e-01
9.936908570069e-02
1.063423253226e-01
1.259746075764e-01
1.006795732064e-01
1.085325268480e-01
1.214088302019e-01
1.010551824055e-01
1.095636266559e-01
1.207506464126e-01
1.049565114751e-01
1.136736705619e-01
1.233520599988e-01
1.085109964609e-01
1.187219481815e-01
1.227886924884e-01
1.123522770356e-01
1.262149698767e-01
1.270110226282e-01
1.194364305977e-01
1.388459586628e-01
1.360135549312e-01
1.273106995976e-01
1.447959445876e-01
1.374080236597e-01
1.315233085388e-01
1.512115099489e-01
1.409723750460e-01
1.343595074160e-01
1.694243857831e-01
1.475113290867e-01
1.328704416523e-01
1.803561112410e-01
1.556788903512e-01
1.370754577706e-01
2.006693171510e-01
1.381598025947e-01
2.187944809656e-01
1.600761885198e-01
1.573139219460e-01
1.639492775891e-01
2.057755754142e-01
1.577999025628e-01
1.581428334958e-01
2.012213724658e-01
1.569365303337e-01
1.506159808416e-01
1.841707928067e-01
1.526225063021e-01
1.387805214215e-01
1.836402990904e-01
1.510701819485e-01
1.399719565414e-01
1.630492657361e-01
1.423702864687e-01
1.205365146457e-01
1.540001184513e-01
1.270056337171e-01
1.169193801430e-01
1.438919708844e-01
1.180935349290e-01
1.093204405132e-01
1.350461399819e-01
1.111910129013e-01
1.040246485165e-01
1.270591042429e-01
1.082396661672e-01
9.713710236570e-02
1.237912577285e-01
1.031143051278e-01
9.871198473847e-02
1.257214392854e-01
1.004068197833e-01
1.092915236695e-01
1.168009786132e-01
1.059602371694e-01
9.815667305895e-02
1.182211781112e-01
1.018531725475e-01
9.722640574458e-02
1.282474356430e-01
1.075286317267e-01
1.067280739356e-01
1.294044296035e-01
1.068954160149e-01
1.117259525491e-01
1.301237845669e-01
1.130184950661e-01
1.123778712159e-01
1.429514093600e-01
1.249769728270e-01
1.258297433598e-01
1.476253881993e-01
1.295017115756e-01
1.296947692584e-01
1.584176469148e-01
1.366119359683e-01
1.398908619924e-01
1.612299003844e-01
1.506264047602e-01
1.380717941000e-01
1.836817762898e-01
1.602799817475e-01
1.452944995621e-01
1.746014794009e-01
1.619716511121e-01
1.567200112908e-01
1.525698045944e-01
1.738488612359e-01
1.426738948091e-01
1.495260191573e-01
1.653050723722e-01
1.372855685569e-01
1.397396711818e-01
1.514162126128e-01
1.237499639839e-01
1.339431384954e-01
1.395829168809e-01
1.125439189827e-01
1.237450354277e-01
1.340885284653e-01
1.092633058487e-01
1.167388069624e-01
1.294413013454e-01
1.089945367851e-01
1.179966993225e-01
1.288124444065e-01
1.137197301351e-01
1.156551909946e-01
1.308394587386e-01
1.074902205320e-01
1.070245863762e-01
1.270430699054e-01
1.072455834614e-01
1.015404342860e-01
1.288809347459e-01
1.113368745250e-01
1.034825786014e-01
1.332255393083e-01
1.073729053765e-01
1.035978088426e-01
1.320529433447e-01
1.107729639081e-01
1.059218720520e-01
1.389183388829e-01
1.094976316500e-01
1.092143740128e-01
1.394923431732e-01
1.101323499842e-01
1.115505987841e-01
1.444321844534e-01
1.151074839007e-01
1.170201485039e-01
1.519882866013e-01
1.223258652166e-01
1.254701608391e-01
1.634260029647e-01
1.240966580573e-01
1.379812556764e-01
1.644937122446e-01
1.273443984086e-01
1.388734600205e-01
1.676754756577e-01
1.321118700909e-01
1.396989774405e-01
1.781829947947e-01
1.461570627341e-01
1.386272556499e-01
1.926371473522e-01
1.536587621127e-01
1.417410562751e-01
2.035194648504e-01
1.510112303042e-01
2.199284556509e-01
1.569030343716e-01
1.576835008807e-01
1.632622158033e-01
2.180253329179e-01
1.635559816423e-01
1.581130343107e-01
2.044406147785e-01
1.616970986626e-01
1.512097736459e-01
1.974021522196e-01
1.532104836461e-01
1.379688278598e-01
1.825266153141e-01
1.463006302210e-01
1.427502656038e-01
1.807963189175e-01
1.374165344567e-01
1.249079555713e-01
1.599485130345e-01
1.285864583263e-01
1.195229525990e-01
1.501301944681e-01
1.188435254988e-01
1.110108110906e-01
1.387026341098e-01
1.135551612653e-01
1.048917568973e-01
1.319682930783e-01
1.065046288994e-01
9.861355163466e-02
1.232198790212e-01
1.027975791057e-01
1.003989268767e-01
1.230952441323e-01
1.025370378839e-01
1.000056358162e-01
1.232868613519e-01
9.754723947405e-02
9.466431156989e-02
1.176594458766e-01
1.007631555133e-01
9.729494740222e-02
1.204599115598e-01
1.023068987459e-01
1.045150887193e-01
1.258154086191e-01
1.058126370714e-01
1.093154615825e-01
1.308093342579e-01
1.109417569809e-01
1.118977000389e-01
1.370803409136e-01
1.195103977443e-01
1.240016811176e-01
1.469261980043e-01
1.261569349184e-01
1.307726299384e-01
1.552960528701e-01
1.374072690872e-01
1.394477510826e-01
1.590323807468e-01
1.389572324206e-01
1.369902594676e-01
1.679335419683e-01
1.597843911808e-01
1.520478477421e-01
1.732479066078e-01
1.721352050279e-01
1.536014273827e-01
1.576009152321e-01
1.614455790012e-01
1.376749637879e-01
1.459744917751e-01
1.532097123749e-01
1.305452742155e-01
1.412340915006e-01
1.467035694521e-01
1.221760899931e-01
1.332109312407e-01
1.382555520585e-01
1.129601819847e-01
1.227663645670e-01
1.305754867692e-01
1.083535904112e-01
1.161075692881e-01
1.311341472082e-01
1.045243164484e-01
1.136608233518e-01
1.353993417894e-01
1.154115874598e-01
1.045852183103e-01
1.291316499430e-01
1.070407255861e-01
1.029962453928e-01
1.260860159455e-01
1.047699393243e-01
1.009342541311e-01
1.294709055116e-01
1.075973007329e-01
1.005484643094e-01
1.299523479973e-01
1.069251058405e-01
1.017635282653e-01
1.366865396885e-01
1.113012506040e-01
1.049156112597e-01
1.371092174327e-01
1.107543512689e-01
1.085674049334e-01
1.434696241512e-01
1.132322893348e-01
1.137243994317e-01
1.497850247520e-01
1.158092239547e-01
1.201838906047e-01
1.592134999867e-01
1.236575473678e-01
1.278478723681e-01
1.672903228672e-01
1.242616670618e-01
1.350077531771e-01
1.719080162094e-01
1.238039329502e-01
1.433243124771e-01
1.737104855212e-01
1.326718341322e-01
1.442311418523e-01
1.814381783115e-01
1.377762819391e-01
1.457348969670e-01
1.910678035384e-01
1.432664938149e-01
1.457841769569e-01
2.102468028389e-01
1.516776197170e-01
2.206563568856e-01
1.549703411560e-01
1.593450184631e-01
1.542797307134e-01
2.229084353136e-01
1.571116072861e-01
1.574025845337e-01
2.193486707596e-01
1.467753344060e-01
1.606506884583e-01
2.102323968681e-01
1.379536610170e-01
1.545176526262e-01
1.990156247808e-01
1.331950768835e-01
1.485140410093e-01
1.891625684698e-01
1.295000952625e-01
1.407074060632e-01
1.813203759756e-01
1.196790918958e-01
1.309962498120e-01
1.677837886392e-01
1.096928469363e-01
1.236138379516e-01
1.539234366462e-01
1.022779365161e-01
1.126985200124e-01
1.447009611060e-01
9.785580028798e-02
1.050478831820e-01
1.417715154042e-01
9.415484771906e-02
1.025069344435e-01
1.411981429092e-01
9.861868806164e-02
9.755155880867e-02
1.343542997674e-01
9.516430740041e-02
9.810958697805e-02
1.358651327677e-01
9.551942971459e-02
9.902862366507e-02
1.407055631807e-01
9.891840989421e-02
1.015348531983e-01
1.466241549950e-01
1.032708916249e-01
1.038479386844e-01
1.510705307497e-01
1.053348056485e-01
1.114713375267e-01
1.609950342278e-01
1.111456555831e-01
1.167976729263e-01
1.727282563190e-01
1.214672648659e-01
1.279213535302e-01
1.837672885309e-01
1.306843942214e-01
1.375848476650e-01
1.966837985423e-01
1.300428591081e-01
1.534195362919e-01
2.012235969662e-01
1.524052269641e-01
1.380299549011e-01
2.158360135589e-01
1.640931768874e-01
1.334466366230e-01
1.581925926237e-01
1.949604199036e-01
1.289229285775e-01
1.483163451815e-01
1.905339862465e-01
1.234060062436e-01
1.421467751515e-01
1.795134684669e-01
1.175508017242e-01
1.358133429122e-01
1.708830793057e-01
1.065072180324e-01
1.287138985036e-01
1.550233176945e-01
1.017616933133e-01
1.152818135657e-01
1.535150562942e-01
1.034479176591e-01
1.109454831393e-01
1.480789148968e-01
1.017828325898e-01
1.073147934397e-01
1.443204106251e-01
1.024337181742e-01
1.060304070538e-01
1.434191616975e-01
1.021487673396e-01
1.012484057207e-01
1.430314663212e-01
1.022685909407e-01
1.004684253535e-01
1.450687409265e-01
1.048361364321e-01
1.017570048989e-01
1.480137191412e-01
1.072069331060e-01
1.041433970351e-01
1.541174552865e-01
1.108602081001e-01
1.080090499356e-01
1.600796520676e-01
1.141887474579e-01
1.137597920889e-01
1.662928515146e-01
1.149094628871e-01
1.201910429018e-01
1.743368301309e-01
1.206464912503e-01
1.272769366815e-01
1.802347775347e-01
1.247903823337e-01
1.349825556803e-01
1.931354438730e-01
1.277164201112e-01
1.437426492247e-01
1.952325859428e-01
1.362026652236e-01
1.501949855552e-01
2.047435265252e-01
1.380556192156e-01
1.508376423875e-01
2.050228737531e-01
1.397018044550e-01
1.483413916275e-01
2.125282216624e-01
1.500951723839e-01
2.127824555949e-01
1.496792386538e-01
1.553028859584e-01
1.478569005289e-01
2.126189448213e-01
1.565676888409e-01
1.535977219357e-01
2.050724287541e-01
1.484162633878e-01
1.537389354104e-01
1.939908290953e-01
1.396811883217e-01
1.494855348251e-01
1.858656483540e-01
1.357354465236e-01
1.456324392469e-01
1.787899297781e-01
1.325862271088e-01
1.399618309145e-01
1.663477694771e-01
1.231189486840e-01
1.365895638660e-01
1.475140955367e-01
1.105212089782e-01
1.162973357820e-01
1.382862491248e-01
1.046748437257e-01
1.098050952917e-01
1.308609164113e-01
9.900911520154e-02
1.053728182835e-01
1.241677658412e-01
9.907985497062e-02
1.017384700641e-01
1.222248454652e-01
9.941977653363e-02
9.870939929415e-02
1.197377129103e-01
1.017514853454e-01
9.938063981982e-02
1.217425591032e-01
1.002966775421e-01
9.938924274280e-02
1.223433367863e-01
1.012658754517e-01
1.021232764996e-01
1.234251678792e-01
1.057598388898e-01
1.063170245822e-01
1.283118543237e-01
1.075866302103e-01
1.119157748666e-01
1.319886389846e-01
1.170728505846e-01
1.195196352111e-01
1.429259754733e-01
1.290153717469e-01
1.310610108842e-01
1.555173218133e-01
1.407032113706e-01
1.330623665278e-01
1.596240101300e-01
1.387348239232e-01
1.495233023010e-01
1.688609496390e-01
1.367780922992e-01
1.619602185353e-01
1.782075433982e-01
1.323104565369e-01
1.926885534873e-01
1.613779152951e-01
1.661058614649e-01
1.515706344976e-01
1.419898764737e-01
1.593137334350e-01
1.432247393575e-01
1.389893965343e-01
1.544439178278e-01
1.373694542866e-01
1.284306106230e-01
1.432249396823e-01
1.273781839955e-01
1.230386077091e-01
1.326206193773e-01
1.207736004722e-01
1.111452130638e-01
1.256553227445e-01
1.106557038069e-01
1.071044488572e-01
1.324386575627e-01
1.118193340438e-01
1.074907518905e-01
1.245410089689e-01
1.036613663474e-01
1.066565022631e-01
1.268121065869e-01
1.029956438981e-01
1.059909851356e-01
1.258675440850e-01
1.017048083327e-01
1.041070611294e-01
1.259351326398e-01
1.017410577693e-01
1.036183892414e-01
1.325067986634e-01
1.028304740289e-01
1.087316668409e-01
1.380825729009e-01
1.064635718211e-01
1.112565215483e-01
1.434481617031e-01
1.111805120471e-01
1.140246522470e-01
1.518565044934e-01
1.183761645311e-01
1.163967480514e-01
1.568488809079e-01
1.245157005398e-01
1.191544984337e-01
1.680240094092e-01
1.338563054730e-01
1.262774697878e-01
1.800832130185e-01
1.405785022652e-01
1.379856843916e-01
1.906725660025e-01
1.495033559590e-01
1.456574528337e-01
2.030887237195e-01
1.544233562128e-01
1.533401475968e-01
1.948168663875e-01
1.596524056255e-01
1.426215254548e-01
2.030296389226e-01
1.473869442183e-01
2.116429355589e-01
1.546031774772e-01
1.612441248726e-01
1.422312324983e-01
2.044128514208e-01
1.535594582371e-01
1.431398039260e-01
1.932404968556e-01
1.469199905971e-01
1.408062080097e-01
1.828593104573e-01
1.378949670582e-01
1.377788271719e-01
1.790837886718e-01
1.349094476344e-01
1.409977325564e-01
1.718835927595e-01
1.278011731441e-01
1.278905139754e-01
1.561257499455e-01
1.132406437813e-01
1.253269827296e-01
1.426443951439e-01
1.113322195279e-01
1.145249371403e-01
1.384277193521e-01
1.031854306140e-01
1.110202659428e-01
1.273432990699e-01
9.977702232985e-02
1.040507772244e-01
1.230856646974e-01
1.001872924527e-01
1.013407101662e-01
1.220411208405e-01
1.021889119278e-01
9.790470283391e-02
1.220076121314e-01
9.990218765367e-02
9.578119960615e-02
1.228053778016e-01
9.858560607417e-02
1.020809039439e-01
1.203161950944e-01
9.834924136972e-02
1.002277621221e-01
1.225488094353e-01
1.055383205238e-01
1.066570247522e-01
1.297867164350e-01
1.132747044004e-01
1.078142382527e-01
1.389641193546e-01
1.189119357634e-01
1.201811303450e-01
1.518826130833e-01
1.353016939066e-01
1.156496064369e-01
1.560393106111e-01
1.419268952842e-01
1.235513033238e-01
1.629598206859e-01
1.379075352401e-01
1.396365710191e-01
1.684626620976e-01
1.244603962391e-01
1.786100848693e-01
1.419724910995e-01
1.661860121701e-01
1.413311572195e-01
1.900036832643e-01
1.657927220297e-01
1.793910243853e-01
1.458928746101e-01
1.519322613996e-01
1.652334181968e-01
1.417571024288e-01
1.369314308733e-01
1.571155053138e-01
1.304792857852e-01
1.292650287936e-01
1.472503473068e-01
1.249755536775e-01
1.198880351244e-01
1.386552559516e-01
1.171812432816e-01
1.152506564320e-01
1.352356564704e-01
1.123939020632e-01
1.137041553858e-01
1.328880865841e-01
1.063544885184e-01
1.080211601585e-01
1.255753099379e-01
1.024666667458e-01
1.049471194984e-01
1.246596851031e-01
1.000499559470e-01
1.096134869621e-01
1.280083013479e-01
9.733171163597e-02
1.033141467564e-01
1.255372905037e-01
1.003500057748e-01
1.078563930559e-01
1.277004770743e-01
1.010423115630e-01
1.095269221060e-01
1.363949993547e-01
1.012518580715e-01
1.117199528017e-01
1.398085553643e-01
1.062472968366e-01
1.116738130896e-01
1.479389945924e-01
1.127493423529e-01
1.141658363524e-01
1.506662304698e-01
1.165703437157e-01
1.187028381169e-01
1.564422776010e-01
1.251277445330e-01
1.279589377026e-01
1.708912091479e-01
1.332812548938e-01
1.366842198756e-01
1.838927790941e-01
1.395447448955e-01
1.487452785538e-01
1.976262277153e-01
1.446122932156e-01
1.567523503140e-01
2.045678475371e-01
1.457362528509e-01
1.540490205028e-01
2.199074133310e-01
1.417990301731e-01
2.040226727130e-01
1.578689404692e-01
1.576505031165e-01
1.348841294889e-01
1.873321262704e-01
1.513102990549e-01
1.347824693688e-01
1.730517750559e-01
1.467941797890e-01
1.345750798696e-01
1.613929370605e-01
1.399605112202e-01
1.315951192636e-01
1.567800998246e-01
1.399550058876e-01
1.263807151428e-01
1.405734911496e-01
1.332552665303e-01
1.204234815556e-01
1.247710060311e-01
1.208428110315e-01
1.135788347538e-01
1.208841981443e-01
1.234947309078e-01
1.072964297402e-01
1.091553577155e-01
1.178902941128e-01
1.031411114929e-01
1.043236609068e-01
1.228956812991e-01
1.019692848705e-01
1.034105894916e-01
1.205790896425e-01
9.885950817200e-02
1.009021537432e-01
1.208054002974e-01
9.650093452914e-02
9.925113382231e-02
1.293547546440e-01
1.005544882837e-01
1.014840279600e-01
1.333649941926e-01
1.072440611083e-01
1.011463723521e-01
1.492792537528e-01
1.075538414749e-01
1.026591771689e-01
1.535841680968e-01
1.048862433020e-01
1.060090994019e-01
1.610227094574e-01
1.152572989489e-01
1.188041607015e-01
1.593845258362e-01
1.300301532453e-01
1.190356708092e-01
1.684831004760e-01
1.314314508937e-01
1.097195108903e-01
1.889801698644e-01
1.312652146191e-01
1.372124661866e-01
1.719390706413e-01
1.432920308461e-01
1.275600086117e-01
1.841809853948e-01
1.487503790819e-01
1.219142379134e-01
1.663237809966e-01
1.807484780350e-01
1.840997797499e-01
6.082698407772e-02
1.668145997837e-01
1.316908562087e-01
1.685581314265e-01
1.515147450811e-01
1.753736472621e-01
1.304168197818e-01
1.567452009121e-01
1.806402478878e-01
1.362145188811e-01
1.488489422837e-01
1.806680163615e-01
1.333723667444e-01
1.317836227344e-01
1.699815656123e-01
1.275571704648e-01
1.220394565827e-01
1.653695100010e-01
1.199199448841e-01
1.124838205121e-01
1.598963268058e-01
1.180940687630e-01
1.088854732873e-01
1.528941545187e-01
1.103477654373e-01
1.157945821229e-01
1.480455850913e-01
1.035842529393e-01
1.087434165639e-01
1.361435902311e-01
1.008928066861e-01
1.021837930594e-01
1.279303811688e-01
9.800741446947e-02
9.980208835990e-02
1.227310560412e-01
1.004906783737e-01
9.608699604528e-02
1.219755232946e-01
1.029892055945e-01
1.008275091133e-01
1.207484578328e-01
1.085971660173e-01
9.912694528729e-02
1.177382953840e-01
1.110405168846e-01
1.004664632306e-01
1.225535162978e-01
1.199175050816e-01
1.062170181091e-01
1.190847631562e-01
1.233583987453e-01
1.090914955662e-01
1.254296802080e-01
1.291400277954e-01
1.164325348607e-01
1.324612278477e-01
1.417319969696e-01
1.228831209319e-01
1.421799362535e-01
1.590824211660e-01
1.256014047731e-01
1.505273760085e-01
1.752112086166e-01
1.305593432623e-01
1.566974550654e-01
1.934569650804e-01
1.307632336629e-01
1.567154777331e-01
2.133650593535e-01
1.332309068722e-01
1.921119242137e-01
1.495102155340e-01
1.502700468028e-01
1.288409793078e-01
1.804771846051e-01
1.464383408878e-01
1.287132855033e-01
1.661158386307e-01
1.403180650023e-01
1.253212537678e-01
1.527162413956e-01
1.334798229996e-01
1.212770006473e-01
1.407682229056e-01
1.280942978004e-01
1.171181764074e-01
1.288227972721e-01
1.221175546841e-01
1.128554052628e-01
1.195647834690e-01
1.210814486285e-01
1.066476751270e-01
1.126044715319e-01
1.162123003558e-01
1.035145019068e-01
1.047051606082e-01
1.189100242537e-01
1.020820822966e-01
1.040326664515e-01
1.192766077025e-01
9.758372162405e-02
1.011930208117e-01
1.223269676972e-01
9.698780645521e-02
9.833475530550e-02
1.263357824925e-01
9.747067216859e-02
9.738171907506e-02
1.350443976291e-01
1.000602994649e-01
1.027498203016e-01
1.495906758090e-01
9.758800439095e-02
1.009944893745e-01
1.532389672538e-01
1.015723795625e-01
1.097340406391e-01
1.529519141626e-01
1.158891528402e-01
1.200293908508e-01
1.554234552023e-01
1.220038727829e-01
1.167730008392e-01
1.597035595408e-01
1.250878586154e-01
1.199267914396e-01
1.755362998756e-01
1.387345101300e-01
1.272377681391e-01
1.671362200841e-01
1.469787564412e-01
1.197802228625e-01
1.636281925434e-01
1.612886643134e-01
1.215011337684e-01
1.607983880050e-01
1.649130411368e-01
1.179970050297e-01
1.493070802775e-01
1.680170814560e-01
1.214979749379e-01
1.443548597069e-01
1.714032537906e-01
1.200598425828e-01
1.292607139738e-01
1.653593830994e-01
1.181141875898e-01
1.192833193452e-01
1.586482502898e-01
1.152794255451e-01
1.100640602604e-01
1.591795728760e-01
1.146268651843e-01
1.079714813550e-01
1.554466037809e-01
1.086924153472e-01
1.073795213670e-01
1.420962552427e-01
1.021032485086e-01
1.038543632882e-01
1.327695111990e-01
9.921008336354e-02
9.938261683518e-02
1.248752793711e-01
9.918120295203e-02
9.795508548820e-02
1.211179349642e-01
1.007880984888e-01
9.677057160618e-02
1.229365043793e-01
1.026055481200e-01
9.828451446700e-02
1.161599288696e-01
1.082916342707e-01
9.955697782678e-02
1.193653790806e-01
1.109794686101e-01
1.025330235484e-01
1.175344567565e-01
1.194302336429e-01
1.068621895945e-01
1.205280424507e-01
1.266662198812e-01
1.097872428204e-01
1.311560872586e-01
1.347294439906e-01
1.174097276163e-01
1.309182124613e-01
1.473139030880e-01
1.187967340839e-01
1.377720754508e-01
1.569306063773e-01
1.226523585996e-01
1.424578349165e-01
1.742405567402e-01
1.218448111492e-01
1.453423388866e-01
2.020600747973e-01
1.225436279616e-01
1.801814816846e-01
1.383078496798e-01
1.392152491005e-01
1.170264074900e-01
1.681620291892e-01
1.349005223485e-01
1.163452729977e-01
1.544452597460e-01
1.301361260219e-01
1.139970806382e-01
1.415418508216e-01
1.274576258606e-01
1.137559962991e-01
1.341356445432e-01
1.222293363846e-01
1.093745131463e-01
1.257208304539e-01
1.180705243827e-01
1.056054573685e-01
1.158933408873e-01
1.188399322829e-01
1.003643566661e-01
1.084505124470e-01
1.162129185763e-01
9.713268993499e-02
1.040282796263e-01
1.171360727957e-01
9.584081367562e-02
1.000368627556e-01
1.198405549594e-01
9.447385090587e-02
9.885064708941e-02
1.240412954786e-01
9.429189569637e-02
9.765467237668e-02
1.313232501920e-01
9.590234418400e-02
1.000619898563e-01
1.328868291969e-01
1.013476851734e-01
9.837596662801e-02
1.483572378585e-01
1.022635613941e-01
1.033108586645e-01
1.512747588892e-01
1.125702071820e-01
1.101739563509e-01
1.550793659775e-01
1.200394003400e-01
1.120822518599e-01
1.558949083293e-01
1.352846378345e-01
1.172461489389e-01
1.721016833067e-01
1.396827312054e-01
1.207507776124e-01
1.596549229996e-01
1.493111404183e-01
1.121693893761e-01
1.562979335564e-01
1.465934682379e-01
1.142643772048e-01
1.440636759423e-01
1.534689141520e-01
1.137712386546e-01
1.340741228164e-01
1.579649021713e-01
1.130388938065e-01
1.263188111922e-01
1.560349530747e-01
1.112822422042e-01
1.170445650554e-01
1.538107238166e-01
1.088504290023e-01
1.124180963235e-01
1.514292381081e-01
1.055086030474e-01
1.062322229928e-01
1.492066292429e-01
1.028804599523e-01
1.030853256530e-01
1.387810251475e-01
9.843060987823e-02
1.006687713743e-01
1.282124667417e-01
9.686290557793e-02
9.530432122944e-02
1.233819592404e-01
9.874403314119e-02
9.536827066159e-02
1.193787688997e-01
1.006145487443e-01
9.420628706730e-02
1.180691769896e-01
1.024067692782e-01
9.583817367315e-02
1.141589077120e-01
1.073311597299e-01
9.748242410299e-02
1.164638417406e-01
1.146764991487e-01
1.003539240890e-01
1.175242281652e-01
1.228857847474e-01
1.047198524104e-01
1.207255647869e-01
1.277809088872e-01
1.087071947435e-01
1.227626981253e-01
1.351095888973e-01
1.105101896254e-01
1.274367091577e-01
1.494506051105e-01
1.103889528759e-01
1.321006194761e-01
1.607320113670e-01
1.117737634956e-01
1.353002909016e-01
1.861351318320e-01
1.132181614274e-01
1.637897391045e-01
1.268238775860e-01
1.279429134804e-01
1.103180645678e-01
1.498119586047e-01
1.282392840363e-01
1.098580377173e-01
1.341448229118e-01
1.298491677834e-01
1.104817820364e-01
1.261886686592e-01
1.293976848131e-01
1.089125218007e-01
1.142477910902e-01
1.304467499864e-01
1.043789486966e-01
1.055209388794e-01
1.347457599555e-01
1.014807270372e-01
1.020362565218e-01
1.422876775866e-01
9.696448786019e-02
9.950549591355e-02
1.287831869850e-01
9.683877176524e-02
9.616014207040e-02
1.192894794104e-01
1.027064503038e-01
9.695568515565e-02
1.162532598338e-01
1.067017798680e-01
9.645505604683e-02
1.098482036403e-01
1.115193820733e-01
9.804614838436e-02
1.068255647024e-01
1.188375255632e-01
1.029819799285e-01
1.036174491387e-01
1.343828132054e-01
1.058200903279e-01
1.110095807892e-01
1.616412010627e-01
1.167029047882e-01
1.094957470635e-01
1.612617737996e-01
1.244555888098e-01
1.107820063142e-01
1.573347945942e-01
1.302923927557e-01
1.133423908077e-01
1.410685711312e-01
1.314411799627e-01
1.061518656878e-01
1.366361818480e-01
1.436551728828e-01
1.108362032822e-01
1.273740378452e-01
1.506969359808e-01
1.088979023352e-01
1.189985984834e-01
1.571607561480e-01
1.078793153204e-01
1.132568296793e-01
1.473507515318e-01
1.090273887286e-01
1.059331953166e-01
1.339753179732e-01
1.081087748243e-01
1.036720877382e-01
1.235614925533e-01
1.074894736474e-01
1.006312042311e-01
1.132818407557e-01
1.089615027567e-01
9.762835390406e-02
1.046194887676e-01
1.135897292980e-01
9.553464431291e-02
9.953666084914e-02
1.212199312201e-01
9.558559888395e-02
9.826203041860e-02
1.285956684418e-01
9.685594716901e-02
9.608911140708e-02
1.365092496280e-01
9.917224412109e-02
9.728367707888e-02
1.322753989679e-01
1.041413917376e-01
9.990527820397e-02
1.304029644060e-01
1.142211357586e-01
1.026853145583e-01
1.266212446115e-01
1.205553641194e-01
1.043955079544e-01
1.258420767985e-01
1.342493686911e-01
1.086230329672e-01
1.284486883508e-01
1.466539131189e-01
1.092798152359e-01
1.268282728219e-01
1.752723295390e-01
1.091716982281e-01
1.515499856090e-01
1.162236855209e-01
1.172391486406e-01
1.042859191644e-01
1.365161723347e-01
1.180942223561e-01
1.038620767414e-01
1.256014572845e-01
1.233148523495e-01
1.025554860064e-01
1.147847679834e-01
1.258271964481e-01
1.005624347110e-01
1.047425489713e-01
1.290746466197e-01
9.883983563835e-02
1.004855338047e-01
1.393598415219e-01
9.536029799660e-02
9.660181818674e-02
1.265059846688e-01
9.644014621003e-02
9.536906568698e-02
1.190151230937e-01
1.040990895302e-01
9.854771754841e-02
1.139740031674e-01
1.084351805735e-01
1.009901114763e-01
1.048116298652e-01
1.161358562029e-01
9.863407015328e-02
1.024156162408e-01
1.306224624098e-01
1.029072834060e-01
1.050553153106e-01
1.566401102081e-01
1.115671426586e-01
1.095411321332e-01
1.501429018302e-01
1.167793229558e-01
1.093429430096e-01
1.395263378220e-01
1.240257390383e-01
1.063470837306e-01
1.325389978421e-01
1.314916945552e-01
1.078324216644e-01
1.205928506546e-01
1.386741787284e-01
1.038164771170e-01
1.131792982174e-01
1.457669200950e-01
1.024577485064e-01
1.077591513608e-01
1.427786053791e-01
1.048538942005e-01
1.032260110389e-01
1.302681049567e-01
1.069035726718e-01
1.027741232267e-01
1.214311119976e-01
1.067590381888e-01
9.950090322193e-02
1.090244936746e-01
1.118627569569e-01
9.605178713075e-02
1.020304051055e-01
1.186715334948e-01
9.508958271021e-02
9.712822276769e-02
1.276589460868e-01
9.585293215123e-02
9.516434230318e-02
1.344492924266e-01
1.001143995437e-01
9.791873452007e-02
1.306218245968e-01
1.030076397652e-01
1.002904129566e-01
1.239723382207e-01
1.118909063016e-01
1.005599672084e-01
1.205170416499e-01
1.239302967880e-01
1.028698535726e-01
1.186339246968e-01
1.367661543039e-01
1.041033182659e-01
1.164474901448e-01
1.647701965317e-01
1.035303546647e-01
1.404324873420e-01
1.070860669599e-01
1.087018836639e-01
9.904533340345e-02
1.258897447968e-01
1.115126115962e-01
9.802684949543e-02
1.125234754663e-01
1.167096931793e-01
9.669547462518e-02
1.028822409991e-01
1.236430432050e-01
9.424075511160e-02
9.923991065093e-02
1.367329152509e-01
9.402010629645e-02
9.283275183363e-02
1.255010168644e-01
9.621380708080e-02
9.290550007934e-02
1.203612351091e-01
1.081871865148e-01
9.207660797953e-02
1.053226489696e-01
1.104786770241e-01
9.360742801186e-02
1.002580438170e-01
1.233186288482e-01
9.587952145792e-02
1.006527604241e-01
1.527918647638e-01
1.099681329886e-01
9.747560924153e-02
1.373612836173e-01
1.109138496356e-01
9.884855121852e-02
1.294483593599e-01
1.188080093386e-01
9.858288769354e-02
1.168084235191e-01
1.261653378310e-01
9.913432828748e-02
1.077744004159e-01
1.357529407822e-01
9.664678054646e-02
1.016639201192e-01
1.391729372722e-01
1.007844985799e-01
9.754715545311e-02
1.281352318881e-01
1.045009383020e-01
9.611879346413e-02
1.121869589302e-01
1.068230384796e-01
9.453224748206e-02
1.030222652294e-01
1.144762793989e-01
9.357058507882e-02
9.685322634275e-02
1.250226447049e-01
9.293732066293e-02
9.391258582854e-02
1.326134063547e-01
9.799069349178e-02
9.458603299636e-02
1.241559684108e-01
1.045972282042e-01
9.616353558390e-02
1.176320154420e-01
1.138725505553e-01
9.796037616815e-02
1.121484684873e-01
1.261167216630e-01
9.988320949491e-02
1.082920675069e-01
1.544853355822e-01
9.725400517717e-02
1.305485649596e-01
1.009842371957e-01
1.043658756155e-01
9.708760715972e-02
1.130991365617e-01
1.133034829165e-01
9.662345784538e-02
1.001834437120e-01
1.438676158487e-01
9.496530347970e-02
9.487739172748e-02
1.230989534561e-01
9.750795229107e-02
9.371565582119e-02
1.075485607760e-01
1.060737015382e-01
9.354276469617e-02
9.629652633926e-02
1.422560028611e-01
9.291524126860e-02
9.339891991881e-02
1.267566576200e-01
9.997177090061e-02
9.583968018521e-02
1.136571317340e-01
1.132924735629e-01
9.694265096437e-02
1.037507689418e-01
1.514016671704e-01
1.007740439349e-01
9.650168867434e-02
1.305593967893e-01
1.034274254779e-01
9.696797775033e-02
1.106179006355e-01
1.131982986180e-01
9.544586219953e-02
9.919824399151e-02
1.445471085218e-01
9.480440323629e-02
9.466901818967e-02
1.254223552761e-01
9.858302130688e-02
9.366868175117e-02
1.072615564217e-01
1.099540945804e-01
9.525529634100e-02
9.918747345810e-02
1.473982274282e-01
9.531992540378e-02
9.575122272846e-02
1.279165234166e-01
1.013005458228e-01
9.471342846186e-02
1.142872342608e-01
1.134319264273e-01
9.543110479300e-02
1.036952362165e-01
1.506258381055e-01
9.636350338690e-02
1.239178307226e-01
9.567362070604e-02
1.035060967190e-01
9.768579758082e-02
1.024371989172e-01
1.487500113647e-01
9.269098984257e-02
9.468601371373e-02
1.199400731616e-01
9.997241329986e-02
9.388802028480e-02
1.007481678742e-01
1.476177877968e-01
9.200784436122e-02
9.409125205893e-02
1.219468165144e-01
1.025103664271e-01
9.399621852496e-02
1.024535323989e-01
1.509737980049e-01
9.560623432083e-02
9.428101007627e-02
1.225037635912e-01
1.020861883362e-01
9.439881243421e-02
1.010131553512e-01
1.460439919306e-01
9.143349628016e-02
9.350045651761e-02
1.187596645036e-01
9.954901468623e-02
9.277387609664e-02
9.715622188007e-02
1.177587554664e-01
9.284210214667e-02
9.208507376880e-02
1.212940654937e-01
1.006713841864e-01
9.322324629625e-02
1.026753302503e-01
1.506576482658e-01
9.358941494630e-02
1.149347719100e-01
9.252742244874e-02
1.577050844742e-01
9.276503338005e-02
9.067201454137e-02
1.144587293439e-01
1.566371242746e-01
9.087561112314e-02
9.002447766029e-02
1.128687889276e-01
1.579558888835e-01
9.213488070209e-02
9.034576583882e-02
1.131590300197e-01
1.563178246458e-01
9.044078495896e-02
9.120619021761e-02
1.102884130178e-01
1.556308880814e-01
8.994913496528e-02
8.989251067803e-02
1.127765413683e-01
1.573436975065e-01
9.101996843553e-02
9.034095979679e-02
9.059060755951e-02
9.027384061286e-02
9.052221536175e-02
9.119210709268e-02
9.052454831708e-02
8.914211391367e-02
8.657748081347e-02
9.866460141815e-02
8.582237150067e-02
8.668012601516e-02
9.010650523686e-02
9.063146767541e-02
1.177282689757e-01
9.797371641930e-02
9.308512326360e-02
1.122054592077e-01
9.351990095140e-02
9.863184724003e-02
1.082633141281e-01
8.352140784855e-02
9.658901878061e-02
1.153189691854e-01
9.036651597244e-02
1.007951977973e-01
1.151144079644e-01
9.296544259026e-02
1.147991892306e-01
9.201986147024e-02
1.159173108987e-01
9.142094991300e-02
8.642073828078e-02
1.034806898750e-01
1.003260054173e-01
9.078320158494e-02
1.200828297009e-01
9.282317814528e-02
9.680470113586e-02
1.127692158171e-01
1.171047337942e-01
1.054676318782e-01
1.050198338124e-01
1.271725486298e-01
9.347729933520e-02
1.013499290873e-01
1.187774556471e-01
9.327482235309e-02
9.648279302550e-02
9.461495706817e-02
8.887852078542e-02
1.163636286732e-01
8.470712263441e-02
1.106699141094e-01
8.404603360656e-02
7.963199534100e-02
8.994650904836e-02
9.955817924204e-02
8.332722763902e-02
1.056299053583e-01
9.501954035879e-02
8.762612422099e-02
1.207289933736e-01
9.306698661152e-02
9.244550165364e-02
1.182942502195e-01
9.902374532909e-02
1.111077425025e-01
1.219635075135e-01
1.044461256390e-01
1.040065406309e-01
1.486413765377e-01
9.232905613076e-02
8.826570079597e-02
1.163013526061e-01
8.618679017690e-02
8.743667055075e-02
9.873690743083e-02
8.776746065599e-02
9.934312528805e-02
8.814570924885e-02
8.439800493494e-02
1.093733886007e-01
7.932907127281e-02
1.074899198343e-01
8.070556557018e-02
7.798138231655e-02
8.296208940229e-02
1.031888048676e-01
8.330264882938e-02
8.723899460684e-02
9.996017595529e-02
8.785993082749e-02
9.654365500124e-02
1.026343955456e-01
9.911503531749e-02
1.113528279299e-01
1.034260503407e-01
1.018442568683e-01
1.042111287771e-01
9.678622502716e-02
1.229150420168e-01
1.430901940945e-01
1.117079939933e-01
1.038069867109e-01
1.495269433948e-01
9.815132390851e-02
1.073279154787e-01
1.263427317894e-01
9.721462645612e-02
1.039620611858e-01
1.088721794445e-01
9.485877538214e-02
9.938669690661e-02
1.003816809284e-01
8.877318006019e-02
9.933809148562e-02
8.424328127513e-02
8.643350320337e-02
1.031243355421e-01
7.821659293916e-02
8.419473894484e-02
1.070954744049e-01
7.856619616608e-02
1.060931241127e-01
7.655089484124e-02
7.653301348433e-02
7.995642145577e-02
1.025603156831e-01
8.136819868362e-02
8.516525641942e-02
1.001847940308e-01
8.422628025730e-02
9.158464706490e-02
9.978919754159e-02
9.341794065388e-02
1.075213453970e-01
1.049282608689e-01
1.001691419599e-01
1.184027765301e-01
1.078283712478e-01
1.061979681536e-01
1.345956319128e-01
1.136037477947e-01
1.111034145290e-01
1.110976002351e-01
1.404247719244e-01
1.102259422142e-01
1.017278976634e-01
1.487158261485e-01
1.047612746296e-01
1.102418759729e-01
1.261441518502e-01
1.065181145628e-01
1.060553725419e-01
1.102152231727e-01
1.086915180223e-01
1.079835218170e-01
1.077234816045e-01
1.009726701093e-01
1.030037453833e-01
9.383120952542e-02
9.368583616533e-02
1.065240440887e-01
7.688360601578e-02
8.982701411599e-02
1.038591571889e-01
7.569775545547e-02
8.588362184376e-02
1.054754797903e-01
7.418033049270e-02
1.041050938907e-01
7.615666495459e-02
7.428619937112e-02
7.761736484190e-02
1.018464198487e-01
7.634352043884e-02
7.918601361990e-02
9.694972784897e-02
7.957654589766e-02
8.611771529709e-02
9.671070218961e-02
8.651718151910e-02
9.765306220495e-02
1.009837332147e-01
9.526585020875e-02
1.106217917094e-01
1.086327211755e-01
1.084369941807e-01
1.284362073717e-01
1.150467171461e-01
1.128668879788e-01
1.160374487052e-01
1.090736206514e-01
1.311626387963e-01
1.309930270434e-01
1.123515224686e-01
1.044517728093e-01
1.379550552535e-01
1.095044062219e-01
9.959083807259e-02
1.503387479860e-01
1.146041174566e-01
1.095851459551e-01
1.042812964390e-01
8.581347895287e-02
7.754231891044e-02
9.134596556501e-02
1.024435270527e-01
7.829288612645e-02
8.033622065416e-02
1.036379965361e-01
7.008917643255e-02
1.030883253187e-01
7.327949127822e-02
7.237731222559e-02
7.316330647258e-02
1.009063942126e-01
7.533596455209e-02
7.378939155459e-02
1.013068199185e-01
7.914623968330e-02
7.909351894438e-02
1.062619143673e-01
8.547019966054e-02
8.580814792890e-02
1.106645229782e-01
9.414168188951e-02
9.433942148441e-02
1.206023556862e-01
1.052833932444e-01
1.075480226781e-01
1.324337397988e-01
1.151503221401e-01
1.176853605041e-01
1.387110249440e-01
1.222185140720e-01
1.248744014481e-01
1.141461280116e-01
1.215680762738e-01
1.422244843123e-01
1.117690915281e-01
1.264529301005e-01
1.321898492358e-01
1.144321529291e-01
1.127018068267e-01
1.296942772292e-01
1.075596522680e-01
1.184520338618e-01
1.347965515212e-01
1.155847519789e-01
1.390928141278e-01
1.125586190080e-01
8.152272209634e-02
7.832370586860e-02
8.444267067070e-02
1.024539807230e-01
7.054816153521e-02
7.598268093450e-02
1.008697589022e-01
7.090416266341e-02
9.941100086011e-02
7.165841534671e-02
7.113748135832e-02
7.033468843321e-02
9.968905230766e-02
7.473497008091e-02
7.247512205577e-02
1.017142320672e-01
7.714931470857e-02
7.875347675500e-02
1.052113493593e-01
8.266291731485e-02
8.375641559911e-02
1.127502208512e-01
9.146881956160e-02
9.244144415243e-02
1.202381303498e-01
1.011104871564e-01
1.032657083985e-01
1.267202177278e-01
1.122183496850e-01
1.150289710204e-01
1.379371342497e-01
1.206421765514e-01
1.246526569751e-01
1.426420668281e-01
1.251727404267e-01
1.406420290168e-01
1.320882134673e-01
1.172297286442e-01
1.180410896298e-01
1.146689647507e-01
1.304973107961e-01
1.156583926916e-01
1.172083126617e-01
1.392171657735e-01
1.170029043101e-01
1.435027845932e-01
9.978483652848e-02
7.818906497075e-02
7.548378826613e-02
8.350903648108e-02
1.032257976719e-01
7.278951241761e-02
7.758095525966e-02
9.867035194525e-02
6.818262151752e-02
1.019653963558e-01
7.071275173545e-02
7.142496721035e-02
7.350381249293e-02
1.016439032309e-01
7.248466012890e-02
7.468807191247e-02
1.057774758916e-01
7.789417351120e-02
8.009100044952e-02
1.158709839260e-01
8.143706646235e-02
8.487794993982e-02
1.246081423263e-01
8.829057331906e-02
9.435607695859e-02
1.383034030817e-01
9.638947273425e-02
1.038438677345e-01
1.505349103164e-01
1.058098608117e-01
1.153889954236e-01
1.635362546538e-01
1.142106293346e-01
1.234002082538e-01
1.706304910649e-01
1.243133704920e-01
1.222510677827e-01
1.621726705151e-01
1.137161353107e-01
1.048600978876e-01
1.256365942113e-01
1.551148592785e-01
1.105618107531e-01
1.175917444636e-01
1.676141645625e-01
1.203915631180e-01
1.323516319053e-01
3.648962943082e-02
1.062742497785e-01
7.074206968983e-02
8.362618456565e-02
1.094078632686e-01
1.025096352300e-01
7.427349813360e-02
7.781260870830e-02
1.026072279618e-01
7.305995251850e-02
1.051973830330e-01
7.306524302292e-02
7.493091197231e-02
7.199488244316e-02
1.043424188765e-01
7.327614076219e-02
7.361790514540e-02
1.082387665488e-01
7.703125876552e-02
7.823592358373e-02
1.149693933923e-01
8.161822784770e-02
8.349177165439e-02
1.267083677032e-01
8.906467873406e-02
9.212997441662e-02
1.389585774397e-01
9.740028315154e-02
1.031670008000e-01
1.539472130987e-01
1.059254801877e-01
1.134069900221e-01
1.648483434738e-01
1.123440257246e-01
1.200874217147e-01
1.704449576228e-01
1.232269587793e-01
1.268114381468e-01
1.771637734669e-01
1.240948994474e-01
1.218252789742e-01
1.293072784262e-01
1.639022037771e-01
1.117470336341e-01
1.061190869306e-01
1.213778559210e-01
1.608409835117e-01
1.128112216315e-01
1.126692311548e-01
1.703080507785e-01
1.223954634658e-01
1.294995688526e-01
1.123945133047e-01
7.833630029560e-02
7.912923865421e-02
7.707478192644e-02
1.049703297222e-01
7.399181823013e-02
7.420417069805e-02
1.046435991880e-01
7.264471172086e-02
1.036526728261e-01
7.479329869713e-02
7.238260903695e-02
7.618019256344e-02
1.003054218923e-01
7.454810385917e-02
7.604871921339e-02
1.027457464521e-01
7.934422479926e-02
7.948788816548e-02
1.061595340089e-01
8.523143326854e-02
8.676156327545e-02
1.121436591654e-01
9.361187589727e-02
9.599046499518e-02
1.210270586400e-01
1.039741488351e-01
1.059960800456e-01
1.291288487285e-01
1.131283256129e-01
1.137528220919e-01
1.335324409651e-01
1.237707029227e-01
1.210054177220e-01
1.439715334743e-01
1.339414602653e-01
1.224023268445e-01
1.407796802422e-01
1.326302479867e-01
1.138072547292e-01
1.159136160337e-01
1.167505554976e-01
1.323310694093e-01
1.249276786985e-01
1.133058283673e-01
1.378123239700e-01
1.158613637155e-01
1.458456388446e-01
1.032382560343e-01
8.175004121093e-02
8.032316849454e-02
7.676392086132e-02
1.042929116575e-01
7.756765884062e-02
7.631809998293e-02
1.085431865020e-01
7.564161356021e-02
1.070783101707e-01
7.695296941642e-02
7.461699965152e-02
7.954383987462e-02
1.012698279400e-01
7.634070689352e-02
7.629846096743e-02
1.026617785255e-01
8.028607847567e-02
8.009985430072e-02
1.071497451840e-01
8.648126605796e-02
8.740197825000e-02
1.137099485049e-01
9.555727931450e-02
9.490305126283e-02
1.215772007287e-01
1.031196626741e-01
1.033456532279e-01
1.279135762062e-01
1.103383876038e-01
1.090130623588e-01
1.363967194511e-01
1.246256835246e-01
1.109608487394e-01
1.374963314893e-01
1.117875514045e-01
1.068519973422e-01
1.310330696466e-01
1.307067211968e-01
1.150864163574e-01
1.088081923753e-01
1.323098621796e-01
1.263133611025e-01
1.069426878800e-01
1.313646140900e-01
1.107504638184e-01
1.461821072875e-01
1.052219776709e-01
8.291628362395e-02
8.140028460024e-02
8.047085023156e-02
1.038483454900e-01
8.160479843734e-02
7.880547692256e-02
1.088522875598e-01
7.604520482582e-02
1.045026937500e-01
7.980291002843e-02
7.670397513829e-02
7.946500548668e-02
9.898765307861e-02
7.969400615486e-02
7.963156055867e-02
9.708536352097e-02
8.641819186953e-02
8.404311015183e-02
9.928412499494e-02
9.684355654876e-02
9.153918658697e-02
1.016232504598e-01
1.094749139349e-01
9.995016107577e-02
1.050349549151e-01
1.209077237317e-01
1.050155056264e-01
1.088182030496e-01
1.352244710474e-01
1.071343655463e-01
1.135213863946e-01
1.117460661455e-01
1.253150077644e-01
1.346355666271e-01
1.077294797444e-01
1.118615758740e-01
1.633665976079e-01
1.147276399957e-01
1.069899236611e-01
1.498997932319e-01
1.127159605601e-01
1.052065522959e-01
1.263658853647e-01
1.103033446320e-01
1.035500104249e-01
1.100672540723e-01
1.158157917600e-01
3.152612543588e-02
1.273711446364e-01
9.448945909991e-02
1.046436303365e-01
1.009873636600e-01
1.035092859892e-01
9.226917594738e-02
9.863913534193e-02
9.312067188865e-02
1.034194900925e-01
9.465410315986e-02
9.132099677511e-02
8.877145519811e-02
8.631533478470e-02
9.959268256759e-02
8.422887370132e-02
8.129341560676e-02
1.018043940261e-01
8.292759450271e-02
8.054970864632e-02
1.150585935339e-01
7.838540163191e-02
1.074002872714e-01
8.039926958001e-02
7.902592144978e-02
8.044977178958e-02
1.015895555851e-01
8.337767342635e-02
8.083777170353e-02
9.919204217077e-02
8.959132330199e-02
8.716134951349e-02
9.943051540643e-02
1.020908301758e-01
9.603975140535e-02
1.020594613597e-01
1.149801726821e-01
9.939683103131e-02
1.043428410482e-01
1.271963598379e-01
1.015601212188e-01
1.077060647736e-01
1.303551396225e-01
1.016145928299e-01
1.073428069039e-01
1.085115814740e-01
1.587389082268e-01
1.090586723054e-01
1.027110884083e-01
1.435692345700e-01
1.077911983141e-01
1.012975439436e-01
1.270381154181e-01
1.082239430441e-01
9.994055969922e-02
1.101200837904e-01
9.974095079759e-02
9.740257104410e-02
1.001755102258e-01
9.769232512840e-02
9.291737642654e-02
9.025321464087e-02
9.918840985215e-02
8.657906611876e-02
8.302832334811e-02
1.030209515244e-01
8.367577183998e-02
8.192467604447e-02
1.158231269220e-01
7.713393828272e-02
1.100624866293e-01
8.152220071856e-02
8.493421013355e-02
8.119865993972e-02
1.057935594873e-01
9.149257246903e-02
8.358434641729e-02
1.033923882208e-01
9.668340512209e-02
8.767151743868e-02
9.952268677041e-02
1.109622243739e-01
9.504906367767e-02
1.037418557431e-01
1.206844603542e-01
9.752356372718e-02
1.024572902092e-01
1.220455430321e-01
9.343960941699e-02
1.031380441448e-01
1.033490211372e-01
1.497130452232e-01
1.036542976774e-01
9.492519609149e-02
1.330245067573e-01
1.027305310704e-01
9.461759438913e-02
1.200275137250e-01
1.059921245470e-01
9.719074917399e-02
1.125543899721e-01
9.997292517972e-02
9.509235318883e-02
9.782047279071e-02
1.048052237009e-01
8.892054571361e-02
9.327913808024e-02
1.044574755343e-01
8.491921369161e-02
8.370757357613e-02
1.190695452960e-01
8.011127792634e-02
1.111810900963e-01
8.433107770566e-02
9.242360056285e-02
8.792365164162e-02
1.010997176406e-01
1.020110917939e-01
9.051968109755e-02
9.239549826155e-02
1.418729695785e-01
9.442354596707e-02
9.375727856563e-02
1.284271411385e-01
9.650195038946e-02
9.967803471177e-02
1.265242832424e-01
9.336102853971e-02
1.000640509923e-01
9.249056749204e-02
1.119805300131e-01
1.129132704778e-01
9.409811873785e-02
1.000902912075e-01
1.446857660898e-01
9.396713990541e-02
9.484069676566e-02
1.208688132192e-01
9.381592596680e-02
9.346283096507e-02
1.041418726978e-01
9.993027014876e-02
9.023208148437e-02
9.019412407689e-02
1.303639329914e-01
8.685028139270e-02
1.147516390340e-01
8.694537615653e-02
9.845949238644e-02
8.908769380785e-02
9.563191668576e-02
1.450030987291e-01
9.315937580839e-02
9.064925000234e-02
1.203624128207e-01
9.168107002503e-02
1.003743858413e-01
1.202905954927e-01
9.098106578294e-02
9.990048062948e-02
9.189086747872e-02
1.011280292006e-01
1.230970095941e-01
9.654174929535e-02
9.362385117048e-02
1.211160426368e-01
9.665946002843e-02
9.516029016878e-02
9.745810254664e-02
1.386022060647e-01
8.917890345256e-02
1.079560298409e-01
8.778272373886e-02
1.521730343556e-01
8.951248052651e-02
8.764443992019e-02
1.112438469444e-01
1.117204059293e-01
8.999132194273e-02
1.578515875372e-01
9.243751096286e-02
8.901198600753e-02
1.097687546892e-01
1.521762713862e-01
8.874517824642e-02
8.789915793094e-02
8.784535732750e-02
8.898049319353e-02
8.941319480921e-02
1.034177888519e-01
1.020519033924e-01
1.031214839545e-01
1.082451599101e-01
1.077976317874e-01
1.074673059400e-01
1.070274559448e-01
1.058176991906e-01
1.061445005925e-01
1.037472511203e-01
1.059126740528e-01
1.016075850367e-01
1.326004394790e-01
1.010126932669e-01
1.095855209277e-01
1.324754021886e-01
1.126113626063e-01
1.114671938507e-01
1.334264073748e-01
1.129698726253e-01
1.336877891434e-01
1.104688517409e-01
1.122190796835e-01
1.350881667247e-01
1.111895243450e-01
1.308608700452e-01
1.045097743224e-01
1.073618933700e-01
1.296474182735e-01
1.047516569510e-01
1.293775252237e-01
1.062673399731e-01
1.067594101243e-01
1.311383471988e-01
1.085264239758e-01
1.312762197923e-01
1.052065041954e-01
1.079690833246e-01
1.262722822598e-01
1.063775768009e-01
1.276039889114e-01
1.039669508690e-01
1.365792781646e-01
1.009493226426e-01
1.002268175590e-01
1.146437740173e-01
1.169817605657e-01
1.104332155011e-01
1.420942178136e-01
1.110601913782e-01
1.115707553667e-01
1.422230534972e-01
1.124470713314e-01
1.184651572276e-01
1.180098466572e-01
1.100276000693e-01
1.418820270118e-01
1.086928789253e-01
1.090689906803e-01
1.403727953634e-01
1.069521227700e-01
1.136264452582e-01
1.155236882590e-01
1.047383246142e-01
1.315710031010e-01
1.012857878434e-01
9.909331669695e-02
1.317509513136e-01
9.903349305666e-02
1.120258904450e-01
1.124447512827e-01
1.006691976772e-01
1.362042445785e-01
1.055490577221e-01
1.033364077229e-01
1.383961323049e-01
1.060741533597e-01
1.156568401956e-01
1.230014111339e-01
1.165437826268e-01
1.459832651883e-01
1.100277415429e-01
1.140076108604e-01
1.365910535761e-01
1.091063269750e-01
1.110197932036e-01
1.135289215745e-01
1.036883277373e-01
1.364434934798e-01
1.050605152519e-01
1.401649816857e-01
1.124357286539e-01
1.105885374983e-01
1.061742162150e-01
1.474903348052e-01
1.045344347621e-01
1.152758692443e-01
1.271407814434e-01
1.034810017642e-01
1.244308351213e-01
1.136289072152e-01
1.095415302514e-01
1.431428432407e-01
1.071985074429e-01
1.069565875537e-01
1.405667591712e-01
1.056725718905e-01
1.075029787910e-01
1.195347194161e-01
9.871212134777e-02
1.149069171154e-01
1.072480934566e-01
9.975726806133e-02
1.345235056934e-01
1.045890760930e-01
9.751871679836e-02
1.344814452069e-01
9.755547584326e-02
1.073641318594e-01
1.184306442015e-01
9.897783195228e-02
1.195517371640e-01
1.093475232136e-01
1.012897841345e-01
1.389208573902e-01
1.031609805545e-01
1.028925213662e-01
1.382025109359e-01
1.034989772409e-01
1.103776589079e-01
1.234636300981e-01
1.031581356026e-01
1.330797338214e-01
1.186250956290e-01
1.047052197407e-01
1.697834373104e-01
1.089393029625e-01
1.099800486858e-01
1.426400184166e-01
1.074717813058e-01
1.132047128699e-01
1.215413171806e-01
1.009517526645e-01
1.244326813866e-01
1.334272982339e-01
1.111557322904e-01
1.075942356727e-01
1.064394921259e-01
1.429744826047e-01
1.068780596006e-01
1.060505566417e-01
1.462619211586e-01
1.095143484713e-01
1.116783595019e-01
1.398600359288e-01
1.146769036765e-01
1.145381256218e-01
1.247568448499e-01
1.130139167626e-01
1.128567675641e-01
1.120792591251e-01
1.051409252814e-01
1.160124108232e-01
1.060793995933e-01
1.029290181193e-01
1.258152796642e-01
1.048294970171e-01
1.025192186079e-01
1.374776316384e-01
9.860192270451e-02
1.020420916777e-01
1.366091131844e-01
1.008735333772e-01
1.045075649228e-01
1.284268402088e-01
1.011314951637e-01
1.085301136826e-01
1.204186341935e-01
1.036884298509e-01
1.160725256512e-01
1.124518741196e-01
1.069370568044e-01
1.216129395178e-01
1.088226281341e-01
1.073429307501e-01
1.310340179727e-01
1.078979051002e-01
1.053138661861e-01
1.437305867309e-01
1.072956374789e-01
1.066971648265e-01
1.440763283891e-01
1.066183466766e-01
1.106576927783e-01
1.344703048148e-01
1.079275726673e-01
1.154964912151e-01
1.252721997094e-01
1.121582782813e-01
1.207155462441e-01
1.385040834160e-01
1.121047836401e-01
1.062384035931e-01
1.110159762957e-01
1.458857350601e-01
1.096279846800e-01
1.107068591417e-01
1.512338963426e-01
1.137378203149e-01
1.108012963371e-01
1.404429478073e-01
1.118988354226e-01
1.149018088021e-01
1.325940154949e-01
1.100875564406e-01
1.130574303662e-01
1.162254803391e-01
1.067186789696e-01
1.121017833445e-01
1.061970350905e-01
1.022583781457e-01
1.190587994270e-01
1.030400303860e-01
9.947913009761e-02
1.285463830297e-01
1.026196148746e-01
9.628717780163e-02
1.309899083019e-01
9.639981138465e-02
9.486476611468e-02
1.326538893097e-01
9.612965957497e-02
1.009014022152e-01
1.268147434252e-01
9.753586565470e-02
1.048838674631e-01
1.205096411952e-01
9.968043018055e-02
1.106168654861e-01
1.166955516804e-01
1.014073619811e-01
1.160113018028e-01
1.147766270633e-01
1.070399458435e-01
1.214534284154e-01
1.066365167098e-01
1.015187351866e-01
1.328809966663e-01
1.076371334113e-01
1.035719976347e-01
1.463833977848e-01
1.106780306068e-01
1.124318330727e-01
1.528099584611e-01
1.146735066431e-01
1.153374314998e-01
1.373476550253e-01
1.128544845636e-01
1.102802559709e-01
1.283551945387e-01
1.083204894282e-01
1.171762742111e-01
1.515291948800e-01
1.121297111652e-01
1.155388292047e-01
1.146550294531e-01
1.583034982907e-01
1.186066533932e-01
1.133805416684e-01
1.419867843783e-01
1.144905871111e-01
1.117291842492e-01
1.322854016778e-01
1.068313325291e-01
1.135879185036e-01
1.220187388931e-01
1.019732395733e-01
1.109599019917e-01
1.103009007535e-01
9.971366783440e-02
1.144403801898e-01
1.060118337214e-01
9.716010734329e-02
1.186585622280e-01
1.024574438535e-01
9.191351624761e-02
1.228280272007e-01
9.674445552597e-02
9.103685994712e-02
1.252499481556e-01
9.378149726881e-02
9.082339866465e-02
1.314677964026e-01
9.328625011756e-02
9.708257382731e-02
1.242299208322e-01
9.415849708316e-02
1.013458895220e-01
1.185705764091e-01
9.514739812020e-02
1.057507002953e-01
1.152067338701e-01
9.842708636334e-02
1.111573156429e-01
1.128435545214e-01
1.044153040605e-01
1.147715010141e-01
1.059302092559e-01
1.006087099710e-01
1.221552067531e-01
1.053336203546e-01
9.753245266056e-02
1.342834635126e-01
1.066178317262e-01
1.042900647470e-01
1.524285268646e-01
1.128983111787e-01
1.149905163962e-01
1.599301405645e-01
1.171098087524e-01
1.162782583676e-01
1.455618704540e-01
1.156975602548e-01
1.148355151162e-01
1.367666323412e-01
1.069674331281e-01
1.215990777514e-01
1.432755850835e-01
1.424467412334e-01
1.268856654551e-01
1.284183422298e-01
1.310566316484e-01
1.148484906866e-01
1.183967778871e-01
1.234580278272e-01
1.089558750731e-01
1.084294697666e-01
1.246523527015e-01
1.043296361967e-01
1.035859312890e-01
1.243503672774e-01
9.918962710863e-02
1.007290989833e-01
1.218576548313e-01
9.334207465580e-02
9.586097699290e-02
1.205906356813e-01
9.115934736509e-02
9.118691874372e-02
1.220037421434e-01
9.161442480845e-02
9.343577641358e-02
1.246631189646e-01
9.238959194099e-02
9.117692030893e-02
1.340527204458e-01
9.544604182454e-02
9.683290148483e-02
1.307557431857e-01
9.726828978640e-02
9.866308059768e-02
1.256196840508e-01
9.891642011359e-02
9.908150076572e-02
1.254777527254e-01
1.002745646162e-01
1.006066061101e-01
1.266167376220e-01
1.015146515682e-01
1.012139987056e-01
1.217864775622e-01
1.019630524504e-01
1.022869613245e-01
1.189066292053e-01
1.006870309719e-01
1.061206068067e-01
1.208379061841e-01
1.023479688803e-01
1.139793061307e-01
1.262411824289e-01
1.119459515710e-01
1.256823479093e-01
1.314043329003e-01
1.217493157307e-01
1.335314953524e-01
1.276001755053e-01
1.208666211743e-01
1.336824326228e-01
1.217548758901e-01
1.175571680969e-01
1.308659577316e-01
9.323053048207e-02
1.082867034266e-01
1.324116371962e-01
1.361643207014e-01
1.264793919143e-01
1.186334465568e-01
1.228969835636e-01
1.089344485964e-01
1.040982614940e-01
1.268912412459e-01
1.072317515805e-01
1.027459814198e-01
1.247517841715e-01
1.026149542076e-01
1.002127552613e-01
1.221066506828e-01
9.726187250943e-02
9.714093522805e-02
1.215433479134e-01
9.266020432726e-02
9.388981719010e-02
1.195560411940e-01
9.059858359813e-02
9.052384104747e-02
1.216412991381e-01
9.047185994015e-02
9.088433575180e-02
1.265076147194e-01
9.197469382388e-02
8.884983181751e-02
1.309672749430e-01
9.349222847918e-02
9.579386858274e-02
1.310424411136e-01
9.622142335786e-02
9.763019583603e-02
1.282756900547e-01
9.953015731932e-02
9.776499747365e-02
1.257559076026e-01
9.797282271118e-02
9.879809652023e-02
1.235495481538e-01
9.900789090303e-02
1.006225247050e-01
1.214800219828e-01
1.001568504542e-01
1.025018340814e-01
1.183393594454e-01
1.010767337224e-01
1.049036024835e-01
1.191570742761e-01
9.987331152063e-02
1.109777611503e-01
1.233158528092e-01
1.053126207536e-01
1.216486589281e-01
1.292964213771e-01
1.157450128596e-01
1.337210069138e-01
1.310880981212e-01
1.214489021489e-01
1.371586916057e-01
1.259547210466e-01
1.212732333568e-01
1.370872493599e-01
1.181228705924e-01
1.041965014484e-01
1.398638085388e-01
1.630940908094e-01
1.145140216174e-01
1.094359347334e-01
1.176747736344e-01
1.510686758567e-01
1.035813198071e-01
1.076179535582e-01
1.455168899440e-01
1.005545492407e-01
1.047274067947e-01
1.413682498515e-01
9.732592999292e-02
1.018202630963e-01
1.369528125452e-01
9.473883100930e-02
9.873471679743e-02
1.322337668411e-01
9.199358291224e-02
9.523324613808e-02
1.288026195424e-01
9.156714420035e-02
9.255979730948e-02
1.276784512359e-01
9.391338586159e-02
9.420415367716e-02
1.298027917804e-01
9.318966844546e-02
9.336547439495e-02
1.316260102677e-01
9.613039974425e-02
9.721380965688e-02
1.358968193520e-01
9.659959063060e-02
9.794922227352e-02
1.359947750835e-01
9.676629202369e-02
1.025824657047e-01
1.344181080286e-01
9.546096811787e-02
9.515964542813e-02
1.358232723322e-01
9.651902838822e-02
9.786455013923e-02
1.398892756218e-01
9.883082250996e-02
1.014495745187e-01
1.437908774086e-01
1.016064817667e-01
1.031766637322e-01
1.451005187074e-01
1.035922932558e-01
1.038857220273e-01
1.498080301587e-01
1.104646857507e-01
1.110804108473e-01
1.613863044247e-01
1.191427636787e-01
1.227118894688e-01
1.699401891668e-01
1.193285799463e-01
1.223331666148e-01
1.688146713436e-01
1.180965739554e-01
1.213447215376e-01
1.629086113559e-01
1.007762570595e-01
1.249592714327e-01
1.667961992280e-01
1.199047012631e-01
1.106574002496e-01
1.183112541605e-01
1.529356845277e-01
1.050585190216e-01
1.078279005127e-01
1.470375370609e-01
1.030449806008e-01
1.061836088013e-01
1.440204164343e-01
9.911485350842e-02
1.028414985106e-01
1.389032176484e-01
9.703768105226e-02
9.949421812887e-02
1.352170422765e-01
9.407017444969e-02
9.594041826563e-02
1.315034895164e-01
9.426986209812e-02
9.377040617912e-02
1.319523122572e-01
9.644968873977e-02
9.128439210514e-02
1.340871474564e-01
9.800045601935e-02
9.596631376162e-02
1.349416957949e-01
9.936156116929e-02
9.545993478932e-02
1.352666082298e-01
9.668808384185e-02
9.722440578904e-02
1.328760907124e-01
9.291791646932e-02
9.542867014686e-02
1.321279680500e-01
9.405258093745e-02
9.321333746831e-02
1.349050434528e-01
9.656473772037e-02
9.563447283289e-02
1.394295818002e-01
9.969773243661e-02
1.001890967520e-01
1.443930923484e-01
1.021633443120e-01
1.022738837191e-01
1.465619685255e-01
1.034211895744e-01
1.043054532086e-01
1.532887424602e-01
1.143281858555e-01
1.180621362925e-01
1.676169293840e-01
1.197874434363e-01
1.205930689427e-01
1.693061075363e-01
1.208998454838e-01
1.235922894884e-01
1.665113636636e-01
1.162720886584e-01
1.152151436924e-01
1.554857624028e-01
9.784633303792e-02
1.172029516480e-01
1.361301243737e-01
1.141009285021e-01
1.326427162457e-01
1.220609299122e-01
1.276249026640e-01
1.123632890717e-01
1.112674466546e-01
1.274054259205e-01
1.086279826057e-01
1.093722602859e-01
1.297684803561e-01
1.090916189721e-01
1.076689986115e-01
1.274562254778e-01
1.048800172819e-01
1.011929755764e-01
1.244293471734e-01
9.994358654755e-02
9.590878422235e-02
1.237575179131e-01
9.520213234486e-02
9.467397396847e-02
1.281087284965e-01
9.412342733873e-02
9.765749761789e-02
1.383070697613e-01
9.826304386692e-02
9.417097528440e-02
1.337347144238e-01
9.545791358487e-02
9.412408409104e-02
1.271436284090e-01
9.334228461426e-02
9.456192140614e-02
1.258565408511e-01
9.609971494750e-02
9.720288089338e-02
1.250135978725e-01
9.853992255433e-02
9.776597040924e-02
1.219349219666e-01
1.004423032441e-01
9.960251311058e-02
1.224196542758e-01
1.051768149644e-01
1.017033810014e-01
1.223926029502e-01
1.088906732187e-01
1.037007662505e-01
1.205707349027e-01
1.156556496890e-01
1.084227761586e-01
1.307883601893e-01
1.301159056959e-01
1.216873621627e-01
1.367998432965e-01
1.338758640942e-01
1.231093805558e-01
1.310931450001e-01
1.330739149084e-01
1.175129733822e-01
1.227946708493e-01
1.304053689999e-01
1.106665271928e-01
1.176807200395e-01
1.338310724647e-01
1.100862568904e-01
1.292313825083e-01
1.238091208915e-01
1.310400132059e-01
1.023427855638e-01
1.121025143962e-01
1.248089805503e-01
1.018678094295e-01
1.118749761519e-01
1.271445047259e-01
1.064666040453e-01
1.093404261286e-01
1.290572550847e-01
1.039520460120e-01
1.034198453344e-01
1.266016155426e-01
1.000647907158e-01
9.807866572286e-02
1.256726294585e-01
9.605522551627e-02
9.543446903518e-02
1.259329822645e-01
9.352286442364e-02
9.446207452751e-02
1.328225923026e-01
9.219521003824e-02
9.229075688279e-02
1.308417897081e-01
9.672686413300e-02
9.771676249756e-02
1.317341713186e-01
9.926949059499e-02
9.964911241968e-02
1.302748796544e-01
9.826849736325e-02
1.001593241241e-01
1.248711655347e-01
9.888556067001e-02
9.850177647664e-02
1.237152384347e-01
1.016580586919e-01
9.972385958192e-02
1.227784910888e-01
1.061752287775e-01
1.002543367941e-01
1.213891040375e-01
1.101048359563e-01
1.030358530703e-01
1.247127403317e-01
1.199472536953e-01
1.095905330497e-01
1.331184132606e-01
1.315864592196e-01
1.138108306135e-01
1.296997956243e-01
1.331492119693e-01
1.183313198145e-01
1.271899913870e-01
1.332016182521e-01
1.173533475447e-01
1.189548674161e-01
1.015593431252e-01
1.351919964864e-01
1.438104973362e-01
1.108767827274e-01
1.060619275989e-01
1.031586946508e-01
1.330099302194e-01
1.066363731848e-01
1.000917594258e-01
1.254635894831e-01
1.081803565764e-01
1.070929830800e-01
1.207246219292e-01
1.126375556597e-01
1.058634495425e-01
1.142548223797e-01
1.168212683804e-01
1.050104145930e-01
1.073305930060e-01
1.252196481427e-01
1.058648602606e-01
1.066898750022e-01
1.239301849993e-01
1.030178232831e-01
9.725040140772e-02
1.391765178971e-01
1.005462822535e-01
9.989948933286e-02
1.362638914388e-01
1.034308336863e-01
1.028786286504e-01
1.313032344194e-01
1.046610212352e-01
1.037046230647e-01
1.205245560415e-01
1.042192887807e-01
1.005098799570e-01
1.138042334231e-01
1.082812356597e-01
1.036490447283e-01
1.093502178416e-01
1.163428494925e-01
1.031169324114e-01
1.070865000549e-01
1.260268658860e-01
1.047080125828e-01
1.078673914906e-01
1.402594305568e-01
1.105913818116e-01
1.111823686292e-01
1.653268439211e-01
1.186327400677e-01
1.231906784015e-01
1.657110028602e-01
1.198429033819e-01
1.254535280254e-01
1.513749472367e-01
1.167306391055e-01
1.206855379444e-01
1.288794123590e-01
1.040105709630e-01
1.180444580063e-01
1.089792223591e-01
1.085275088261e-01
1.552474155856e-01
1.443772646439e-01
1.048946182127e-01
1.053234280398e-01
1.289098909586e-01
1.136765247577e-01
1.071371895749e-01
1.245497415490e-01
1.128772557870e-01
1.073268802396e-01
1.175773891572e-01
1.152310712179e-01
1.052296688723e-01
1.111931599203e-01
1.224217300197e-01
1.056800889762e-01
1.082141267166e-01
1.301830622856e-01
1.021152653278e-01
1.005173008197e-01
1.478819367639e-01
1.024881036753e-01
1.001738897019e-01
1.399291076009e-01
1.072715032338e-01
1.010152585010e-01
1.271394021577e-01
1.046024901856e-01
1.005528498850e-01
1.179119894667e-01
1.089844536210e-01
1.021771474010e-01
1.134266657448e-01
1.141574780073e-01
1.036527196412e-01
1.089806781819e-01
1.260564104241e-01
1.065645412600e-01
1.103402174640e-01
1.408461941622e-01
1.107170757924e-01
1.111976518862e-01
1.720492541514e-01
1.178049479097e-01
1.163601332838e-01
1.618017207764e-01
1.198491517451e-01
1.167547862660e-01
1.401181489925e-01
1.116609104790e-01
1.097798374297e-01
1.260474322667e-01
1.063569772702e-01
1.153213467534e-01
1.557481907822e-01
1.079637821864e-01
1.077467125717e-01
1.022602667410e-01
1.422421797008e-01
1.077526155971e-01
1.024271583223e-01
1.319737739176e-01
1.119622953767e-01
1.055268153312e-01
1.241624692249e-01
1.150873493179e-01
1.044999029521e-01
1.149840040614e-01
1.188594402856e-01
1.020650602753e-01
1.102361555981e-01
1.280147549972e-01
9.888607473254e-02
1.036419015839e-01
1.493693956271e-01
1.060060551712e-01
9.739434128839e-02
1.358467596556e-01
1.035009307927e-01
9.640181291869e-02
1.251485494722e-01
1.063377539351e-01
9.839971834815e-02
1.181647415222e-01
1.124190301551e-01
1.005767886445e-01
1.123581493173e-01
1.207347825024e-01
1.019798686405e-01
1.100928743016e-01
1.365251544770e-01
1.067974796567e-01
1.111890728849e-01
1.657233672446e-01
1.145160670518e-01
1.072604228872e-01
1.479467549796e-01
1.099052972744e-01
1.055552663308e-01
1.328074942800e-01
1.086340547251e-01
1.032807970771e-01
1.217327532019e-01
1.027203213829e-01
1.143129868957e-01
1.054441263610e-01
1.057424678735e-01
1.592611834941e-01
1.399482377811e-01
1.037178993142e-01
1.118125374411e-01
1.073268681228e-01
1.227512547429e-01
1.250574886080e-01
1.091482248037e-01
1.131060003937e-01
1.634645076434e-01
1.060486105754e-01
1.082559140839e-01
1.400409402635e-01
1.088027811868e-01
1.062878226985e-01
1.198816365708e-01
1.173281449179e-01
1.041016032010e-01
1.075685279527e-01
1.533315225678e-01
1.003868415133e-01
1.020235052329e-01
1.313547973276e-01
1.049555919142e-01
1.013135835366e-01
1.168468272271e-01
1.187275357316e-01
1.023837699046e-01
1.065968432972e-01
1.572236445737e-01
1.037359450240e-01
1.027408337767e-01
1.433185489634e-01
1.131252797829e-01
1.067998144422e-01
1.245299466955e-01
1.240535977956e-01
1.065145469786e-01
1.104777119878e-01
1.586241454034e-01
1.052819377386e-01
1.061847411023e-01
1.381329746042e-01
1.055212933586e-01
1.069253050730e-01
1.672072054847e-01
1.129541403135e-01
1.055482002926e-01
1.074407965858e-01
1.384503314407e-01
1.155449364576e-01
1.078922992854e-01
1.167909844161e-01
1.684136726603e-01
1.059657827038e-01
1.083189415886e-01
1.373867851508e-01
1.140405492315e-01
1.090792264777e-01
1.140138814537e-01
1.656581696629e-01
1.026689488649e-01
1.069892058528e-01
1.332356206048e-01
1.105172733103e-01
1.055254532992e-01
1.098315514233e-01
1.634273010883e-01
1.031652079968e-01
1.051466938331e-01
1.375208843410e-01
1.153376088102e-01
1.072162656968e-01
1.132204448144e-01
1.366805948956e-01
1.051789938583e-01
1.044434982464e-01
1.346670783004e-01
1.111936467429e-01
1.055265630351e-01
1.039272453832e-01
1.115379952341e-01
1.293862708674e-01
1.038820341586e-01
1.062550964707e-01
1.808059714777e-01
1.055566159127e-01
1.031071979105e-01
1.307122171571e-01
1.812261164653e-01
1.058738397289e-01
1.060314699048e-01
1.319261818209e-01
1.803274548949e-01
1.050739625645e-01
1.055241316191e-01
1.294506859193e-01
1.815820564511e-01
1.065835154700e-01
1.056042354971e-01
1.310235998745e-01
1.809064525695e-01
1.053773867488e-01
1.055004791798e-01
1.291319160239e-01
1.803265180049e-01
1.055412280389e-01
1.045691951627e-01
1.053553170232e-01
1.047984727467e-01
1.057395623835e-01
1.058301385284e-01
1.057586928343e-01
1.055381839197e-01
1.080249198287e-01
1.516530569722e-01
9.786713318059e-02
1.366791743683e-01
1.077536041346e-01
1.969846770386e-01
6.856429156638e-02
1.677582483248e-01
1.006425873674e-01
1.829217518941e-01
6.470769609558e-02
1.094093350725e-01
1.180763653319e-01
9.894387388822e-02
8.104281923157e-02
6.402303829870e-02
1.022559131102e-01
1.086963829619e-01
1.717130283354e-02
1.659251189814e-01
6.870524105919e-02
1.533788997158e-01
5.852300115342e-02
1.099870746270e-01
1.445218941787e-01
1.419786106990e-01
1.073857950988e-01
8.619482878346e-02
1.570967316719e-01
7.906758958667e-02
8.454780194684e-02
7.666645316573e-02
7.086210782225e-02
7.238694839591e-02
1.541798570502e-01
1.026173421018e-01
8.845079337719e-02
8.220025190980e-02
7.645569285537e-02
9.579545673464e-02
1.610100720764e-01
1.585973045515e-01
1.249449303850e-01
1.295598884533e-01
1.001054363461e-01
1.599739848915e-01
8.723325062156e-02
8.589086613861e-02
1.132133715159e-01
1.207194106555e-01
2.208233865468e-01
1.704028729658e-01
1.787391633470e-01
1.371136641950e-01
5.950099085736e-02
3.121278085983e-02
1.187085099940e-01
1.689569167419e-01
6.007778672689e-02
8.436013397931e-02
8.240640584329e-02
1.835040064792e-01
1.420648866328e-01
7.774239942918e-02
1.781034798170e-01
1.144968648916e-01
7.091939289074e-02
6.255890159669e-02
1.064891574341e-01
1.184631202147e-01
8.231166729582e-02
6.374783771239e-02
8.757887603757e-02
8.309053429237e-02
1.764836144916e-01
9.226339357515e-02
9.474617962755e-02
1.101058530553e-01
4.776032280037e-02
1.543378737284e-01
1.505075695143e-01
1.470610106926e-01
1.635660397179e-01
8.331784199078e-02
6.347773136298e-02
1.201463612432e-01
8.865259773384e-02
1.168905488436e-01
1.289101883133e-01
7.552329868293e-02
1.572376083798e-01
9.223941462261e-02
1.014578158841e-01
5.585778563430e-02
8.313183395677e-02
1.006795630355e-01
1.207566748797e-01
2.725101577970e-02
7.138180864929e-02
1.329072133221e-01
1.179725911989e-01
9.391144128929e-02
1.702128845036e-01
1.239063125667e-01
1.848947921005e-01
2.010958528788e-01
1.704175248351e-01
1.308613918465e-01
2.447235595096e-01
5.035688753315e-02
1.632478213056e-01
1.537067382550e-01
1.282121576291e-01
1.731760151700e-01
1.332767876451e-01
2.333794457637e-01
2.630521614984e-01
1.737637764728e-01
