1	3	1	2
1	2	1	6
2	3	1	8
1	4	2	3
3	4	2	11
1	5	3	4
4	5	3	14
1	6	4	5
5	6	4	17
1	7	5	6
6	7	5	20
7	2	6	23
2	9	7	8
2	8	7	24
8	9	7	26
9	3	8	9
3	10	9	10
9	10	9	29
3	11	10	11
10	11	10	31
11	4	11	12
4	12	12	13
11	12	12	34
4	13	13	14
12	13	13	36
13	5	14	15
5	14	15	16
13	14	15	39
5	15	16	17
14	15	16	42
15	6	17	18
6	16	18	19
15	16	18	44
6	17	19	20
16	17	19	47
17	7	20	21
7	18	21	22
17	18	21	49
7	19	22	23
18	19	22	52
19	2	23	24
19	8	24	54
8	21	25	26
8	20	25	55
20	21	25	57
21	9	26	27
9	22	27	28
21	22	27	59
9	23	28	29
22	23	28	61
23	10	29	30
10	24	30	31
23	24	30	64
24	11	31	32
11	25	32	33
24	25	32	66
11	26	33	34
25	26	33	68
26	12	34	35
12	27	35	36
26	27	35	70
27	13	36	37
13	28	37	38
27	28	37	73
13	29	38	39
28	29	38	75
29	14	39	40
14	30	40	41
29	30	40	77
14	31	41	42
30	31	41	79
31	15	42	43
15	32	43	44
31	32	43	82
32	16	44	45
16	33	45	46
32	33	45	84
16	34	46	47
33	34	46	86
34	17	47	48
17	35	48	49
34	35	48	88
35	18	49	50
18	36	50	51
35	36	50	91
18	37	51	52
36	37	51	93
37	19	52	53
19	38	53	54
37	38	53	95
38	8	54	55
38	20	55	97
20	40	56	57
20	39	56	98
39	40	56	100
40	21	57	58
21	41	58	59
40	41	58	102
41	22	59	60
22	42	60	61
41	42	60	104
42	23	61	62
23	43	62	63
42	43	62	106
23	44	63	64
43	44	63	109
44	24	64	65
24	45	65	66
44	45	65	111
45	25	66	67
25	46	67	68
45	46	67	113
46	26	68	69
26	47	69	70
46	47	69	115
47	27	70	71
27	48	71	72
47	48	71	118
27	49	72	73
48	49	72	120
49	28	73	74
28	50	74	75
49	50	74	122
50	29	75	76
29	51	76	77
50	51	76	124
51	30	77	78
30	52	78	79
51	52	78	127
52	31	79	80
31	53	80	81
52	53	80	129
31	54	81	82
53	54	81	131
54	32	82	83
32	55	83	84
54	55	83	133
55	33	84	85
33	56	85	86
55	56	85	136
56	34	86	87
34	57	87	88
56	57	87	138
57	35	88	89
35	58	89	90
57	58	89	140
35	59	90	91
58	59	90	142
59	36	91	92
36	60	92	93
59	60	92	145
60	37	93	94
37	61	94	95
60	61	94	147
61	38	95	96
38	62	96	97
61	62	96	149
62	20	97	98
62	39	98	151
39	64	99	100
39	63	99	152
63	64	99	154
64	40	100	101
40	65	101	102
64	65	101	156
65	41	102	103
41	66	103	104
65	66	103	158
66	42	104	105
42	67	105	106
66	67	105	160
67	43	106	107
43	68	107	108
67	68	107	162
43	69	108	109
68	69	108	164
69	44	109	110
44	70	110	111
69	70	110	167
70	45	111	112
45	71	112	113
70	71	112	169
71	46	113	114
46	72	114	115
71	72	114	171
72	47	115	116
72	73	116	173
47	73	116	2373
47	74	117	118
1188	74	117	2298
47	1188	117	2371
74	48	118	119
48	1198	119	2392
74	1198	119	2465
75	49	120	121
48	75	120	2312
49	76	121	122
75	76	121	180
76	50	122	123
50	77	123	124
76	77	123	182
77	51	124	125
51	78	125	126
77	78	125	184
51	79	126	127
78	79	126	186
79	52	127	128
52	80	128	129
79	80	128	188
80	53	129	130
53	81	130	131
80	81	130	190
81	54	131	132
54	82	132	133
81	82	132	193
82	55	133	134
55	83	134	135
82	83	134	195
55	84	135	136
83	84	135	197
84	56	136	137
56	85	137	138
84	85	137	199
85	57	138	139
57	86	139	140
85	86	139	201
86	58	140	141
58	87	141	142
86	87	141	203
87	59	142	143
59	88	143	144
87	88	143	206
59	89	144	145
88	89	144	208
89	60	145	146
60	90	146	147
89	90	146	210
90	61	147	148
61	91	148	149
90	91	148	212
91	62	149	150
62	92	150	151
91	92	150	214
92	39	151	152
92	63	152	216
63	94	153	154
63	93	153	217
93	94	153	219
94	64	154	155
64	95	155	156
94	95	155	221
95	65	156	157
65	96	157	158
95	96	157	223
96	66	158	159
66	97	159	160
96	97	159	225
97	67	160	161
67	98	161	162
97	98	161	227
98	68	162	163
68	99	163	164
98	99	163	229
99	69	164	165
69	100	165	166
99	100	165	231
69	101	166	167
100	101	166	234
101	70	167	168
70	102	168	169
101	102	168	236
102	71	169	170
71	103	170	171
102	103	170	238
103	72	171	172
72	104	172	173
103	104	172	240
104	73	173	2362
1153	104	174	2302
104	1181	174	2357
1153	1181	174	2438
1187	1178	175	2370
1178	1151	175	2410
1187	1151	175	2441
1178	1232	176	2352
1207	1178	176	2410
1207	1232	176	2460
1206	1158	177	2347
1168	1158	177	2391
1168	1206	177	2407
1163	1216	178	179
1163	1169	178	2381
1169	1216	178	2427
1163	108	179	2426
1216	108	179	2428
108	76	180	181
75	108	180	2321
76	109	181	182
108	109	181	251
109	77	182	183
77	110	183	184
109	110	183	253
110	78	184	185
78	111	185	186
110	111	185	255
111	79	186	187
79	112	187	188
111	112	187	257
112	80	188	189
80	113	189	190
112	113	189	259
113	81	190	191
81	114	191	192
113	114	191	261
81	115	192	193
114	115	192	264
115	82	193	194
82	116	194	195
115	116	194	266
116	83	195	196
83	117	196	197
116	117	196	268
117	84	197	198
84	118	198	199
117	118	198	270
118	85	199	200
85	119	200	201
118	119	200	272
119	86	201	202
86	120	202	203
119	120	202	274
120	87	203	204
87	121	204	205
120	121	204	276
87	122	205	206
121	122	205	279
122	88	206	207
88	123	207	208
122	123	207	281
123	89	208	209
89	124	209	210
123	124	209	283
124	90	210	211
90	125	211	212
124	125	211	285
125	91	212	213
91	126	213	214
125	126	213	287
126	92	214	215
92	127	215	216
126	127	215	289
127	63	216	217
127	93	217	291
93	129	218	219
93	128	218	292
128	129	218	294
129	94	219	220
94	130	220	221
129	130	220	296
130	95	221	222
95	131	222	223
130	131	222	298
131	96	223	224
96	132	224	225
131	132	224	300
132	97	225	226
97	133	226	227
132	133	226	302
133	98	227	228
98	134	228	229
133	134	228	304
134	99	229	230
99	135	230	231
134	135	230	306
135	100	231	232
100	136	232	233
135	136	232	308
100	137	233	234
136	137	233	311
137	101	234	235
101	138	235	236
137	138	235	313
138	102	236	237
102	139	237	238
138	139	237	315
139	103	238	239
103	140	239	240
139	140	239	317
140	104	240	241
104	141	241	242
140	141	241	319
104	105	242	2357
141	105	242	2364
1154	1186	243	244
1154	141	243	2304
141	1186	243	2367
1154	1226	244	2354
1186	1226	244	2447
142	1212	245	323
1179	142	245	2368
1179	1212	245	2488
1161	1170	246	2335
1211	1170	246	2483
1211	1161	246	2492
1218	1157	247	2341
1157	1172	247	2387
1218	1172	247	2431
1220	1164	248	2293
1164	145	248	2433
1220	145	248	2435
145	108	249	250
107	108	249	2428
107	145	249	2435
108	146	250	251
145	146	250	330
146	109	251	252
109	147	252	253
146	147	252	332
147	110	253	254
110	148	254	255
147	148	254	334
148	111	255	256
111	149	256	257
148	149	256	336
149	112	257	258
112	150	258	259
149	150	258	338
150	113	259	260
113	151	260	261
150	151	260	340
151	114	261	262
114	152	262	263
151	152	262	342
114	153	263	264
152	153	263	345
153	115	264	265
115	154	265	266
153	154	265	347
154	116	266	267
116	155	267	268
154	155	267	349
155	117	268	269
117	156	269	270
155	156	269	351
156	118	270	271
118	157	271	272
156	157	271	353
157	119	272	273
119	158	273	274
157	158	273	355
158	120	274	275
120	159	275	276
158	159	275	357
159	121	276	277
121	160	277	278
159	160	277	359
121	161	278	279
160	161	278	362
161	122	279	280
122	162	280	281
161	162	280	364
162	123	281	282
123	163	282	283
162	163	282	366
163	124	283	284
124	164	284	285
163	164	284	368
164	125	285	286
125	165	286	287
164	165	286	370
165	126	287	288
126	166	288	289
165	166	288	372
166	127	289	290
127	167	290	291
166	167	290	374
167	93	291	292
167	128	292	376
128	169	293	294
128	168	293	377
168	169	293	379
169	129	294	295
129	170	295	296
169	170	295	381
170	130	296	297
130	171	297	298
170	171	297	383
171	131	298	299
131	172	299	300
171	172	299	385
172	132	300	301
132	173	301	302
172	173	301	387
173	133	302	303
133	174	303	304
173	174	303	389
174	134	304	305
134	175	305	306
174	175	305	391
175	135	306	307
135	176	307	308
175	176	307	393
176	136	308	309
136	177	309	310
176	177	309	395
136	178	310	311
177	178	310	397
178	137	311	312
137	179	312	313
178	179	312	399
179	138	313	314
138	180	314	315
179	180	314	402
180	139	315	316
139	181	316	317
180	181	316	404
181	140	317	318
140	182	318	319
181	182	318	406
182	141	319	320
141	183	320	321
182	183	320	408
183	142	321	322
141	142	321	2367
142	184	322	323
183	184	322	410
184	1212	323	2419
184	185	324	412
143	185	324	2310
143	184	324	2423
185	144	325	326
1196	144	325	2339
1196	185	325	2388
144	186	326	327
185	186	326	414
144	187	327	328
186	187	327	416
187	145	328	329
144	145	328	2324
145	188	329	330
187	188	329	418
188	146	330	331
146	189	331	332
188	189	331	420
189	147	332	333
147	190	333	334
189	190	333	422
190	148	334	335
148	191	335	336
190	191	335	425
191	149	336	337
149	192	337	338
191	192	337	427
192	150	338	339
150	193	339	340
192	193	339	429
193	151	340	341
151	194	341	342
193	194	341	431
194	152	342	343
152	195	343	344
194	195	343	433
152	196	344	345
195	196	344	435
196	153	345	346
153	197	346	347
196	197	346	437
197	154	347	348
154	198	348	349
197	198	348	439
198	155	349	350
155	199	350	351
198	199	350	441
199	156	351	352
156	200	352	353
199	200	352	443
200	157	353	354
157	201	354	355
200	201	354	445
201	158	355	356
158	202	356	357
201	202	356	448
202	159	357	358
159	203	358	359
202	203	358	450
203	160	359	360
160	204	360	361
203	204	360	452
160	205	361	362
204	205	361	454
205	161	362	363
161	206	363	364
205	206	363	456
206	162	364	365
162	207	365	366
206	207	365	458
207	163	366	367
163	208	367	368
207	208	367	460
208	164	368	369
164	209	369	370
208	209	369	462
209	165	370	371
165	210	371	372
209	210	371	464
210	166	372	373
166	211	373	374
210	211	373	466
211	167	374	375
167	212	375	376
211	212	375	468
212	128	376	377
212	168	377	470
168	214	378	379
168	213	378	471
213	214	378	473
214	169	379	380
169	215	380	381
214	215	380	475
215	170	381	382
170	216	382	383
215	216	382	477
216	171	383	384
171	217	384	385
216	217	384	479
217	172	385	386
172	218	386	387
217	218	386	481
218	173	387	388
173	219	388	389
218	219	388	483
219	174	389	390
174	220	390	391
219	220	390	485
220	175	391	392
175	221	392	393
220	221	392	487
221	176	393	394
176	222	394	395
221	222	394	489
222	177	395	396
177	223	396	397
222	223	396	491
223	178	397	398
178	224	398	399
223	224	398	493
224	179	399	400
179	225	400	401
224	225	400	495
179	226	401	402
225	226	401	497
226	180	402	403
180	227	403	404
226	227	403	499
227	181	404	405
181	228	405	406
227	228	405	501
228	182	406	407
182	229	407	408
228	229	407	503
229	183	408	409
183	230	409	410
229	230	409	506
230	184	410	411
184	231	411	412
230	231	411	508
231	185	412	413
185	232	413	414
231	232	413	510
232	186	414	415
186	233	415	416
232	233	415	512
233	187	416	417
187	234	417	418
233	234	417	514
234	188	418	419
188	235	419	420
234	235	419	516
235	189	420	421
189	236	421	422
235	236	421	518
236	190	422	423
190	237	423	424
236	237	423	520
190	238	424	425
237	238	424	522
238	191	425	426
191	239	426	427
238	239	426	524
239	192	427	428
192	240	428	429
239	240	428	526
240	193	429	430
193	241	430	431
240	241	430	528
241	194	431	432
194	242	432	433
241	242	432	530
242	195	433	434
195	243	434	435
242	243	434	532
243	196	435	436
196	244	436	437
243	244	436	534
244	197	437	438
197	245	438	439
244	245	438	536
245	198	439	440
198	246	440	441
245	246	440	539
246	199	441	442
199	247	442	443
246	247	442	541
247	200	443	444
200	248	444	445
247	248	444	543
248	201	445	446
201	249	446	447
248	249	446	545
201	250	447	448
249	250	447	547
250	202	448	449
202	251	449	450
250	251	449	549
251	203	450	451
203	252	451	452
251	252	451	551
252	204	452	453
204	253	453	454
252	253	453	553
253	205	454	455
205	254	455	456
253	254	455	555
254	206	456	457
206	255	457	458
254	255	457	557
255	207	458	459
207	256	459	460
255	256	459	559
256	208	460	461
208	257	461	462
256	257	461	561
257	209	462	463
209	258	463	464
257	258	463	563
258	210	464	465
210	259	465	466
258	259	465	565
259	211	466	467
211	260	467	468
259	260	467	567
260	212	468	469
212	261	469	470
260	261	469	569
261	168	470	471
261	213	471	571
213	263	472	473
213	262	472	572
262	263	472	574
263	214	473	474
214	264	474	475
263	264	474	576
264	215	475	476
215	265	476	477
264	265	476	578
265	216	477	478
216	266	478	479
265	266	478	580
266	217	479	480
217	267	480	481
266	267	480	582
267	218	481	482
218	268	482	483
267	268	482	584
268	219	483	484
219	269	484	485
268	269	484	586
269	220	485	486
220	270	486	487
269	270	486	588
270	221	487	488
221	271	488	489
270	271	488	590
271	222	489	490
222	272	490	491
271	272	490	592
272	223	491	492
223	273	492	493
272	273	492	594
273	224	493	494
224	274	494	495
273	274	494	596
274	225	495	496
225	275	496	497
274	275	496	598
275	226	497	498
226	276	498	499
275	276	498	600
276	227	499	500
227	277	500	501
276	277	500	602
277	228	501	502
228	278	502	503
277	278	502	604
278	229	503	504
229	279	504	505
278	279	504	606
229	280	505	506
279	280	505	609
280	230	506	507
230	281	507	508
280	281	507	611
281	231	508	509
231	282	509	510
281	282	509	613
282	232	510	511
232	283	511	512
282	283	511	615
283	233	512	513
233	284	513	514
283	284	513	617
284	234	514	515
234	285	515	516
284	285	515	619
285	235	516	517
235	286	517	518
285	286	517	621
286	236	518	519
236	287	519	520
286	287	519	623
287	237	520	521
237	288	521	522
287	288	521	625
288	238	522	523
238	289	523	524
288	289	523	627
289	239	524	525
239	290	525	526
289	290	525	629
290	240	526	527
240	291	527	528
290	291	527	631
291	241	528	529
241	292	529	530
291	292	529	633
292	242	530	531
242	293	531	532
292	293	531	635
293	243	532	533
243	294	533	534
293	294	533	637
294	244	534	535
244	295	535	536
294	295	535	639
295	245	536	537
245	296	537	538
295	296	537	641
245	297	538	539
296	297	538	644
297	246	539	540
246	298	540	541
297	298	540	646
298	247	541	542
247	299	542	543
298	299	542	648
299	248	543	544
248	300	544	545
299	300	544	650
300	249	545	546
249	301	546	547
300	301	546	652
301	250	547	548
250	302	548	549
301	302	548	654
302	251	549	550
251	303	550	551
302	303	550	656
303	252	551	552
252	304	552	553
303	304	552	658
304	253	553	554
253	305	554	555
304	305	554	660
305	254	555	556
254	306	556	557
305	306	556	662
306	255	557	558
255	307	558	559
306	307	558	664
307	256	559	560
256	308	560	561
307	308	560	666
308	257	561	562
257	309	562	563
308	309	562	668
309	258	563	564
258	310	564	565
309	310	564	670
310	259	565	566
259	311	566	567
310	311	566	672
311	260	567	568
260	312	568	569
311	312	568	674
312	261	569	570
261	313	570	571
312	313	570	676
313	213	571	572
313	262	572	678
262	315	573	574
262	314	573	679
314	315	573	681
315	263	574	575
263	316	575	576
315	316	575	683
316	264	576	577
264	317	577	578
316	317	577	685
317	265	578	579
265	318	579	580
317	318	579	687
318	266	580	581
266	319	581	582
318	319	581	689
319	267	582	583
267	320	583	584
319	320	583	691
320	268	584	585
268	321	585	586
320	321	585	693
321	269	586	587
269	322	587	588
321	322	587	695
322	270	588	589
270	323	589	590
322	323	589	697
323	271	590	591
271	324	591	592
323	324	591	699
324	272	592	593
272	325	593	594
324	325	593	701
325	273	594	595
273	326	595	596
325	326	595	703
326	274	596	597
274	327	597	598
326	327	597	705
327	275	598	599
275	328	599	600
327	328	599	707
328	276	600	601
276	329	601	602
328	329	601	709
329	277	602	603
277	330	603	604
329	330	603	711
330	278	604	605
278	331	605	606
330	331	605	713
331	279	606	607
279	332	607	608
331	332	607	715
279	333	608	609
332	333	608	717
333	280	609	610
280	334	610	611
333	334	610	719
334	281	611	612
281	335	612	613
334	335	612	721
335	282	613	614
282	336	614	615
335	336	614	723
336	283	615	616
283	337	616	617
336	337	616	725
337	284	617	618
284	338	618	619
337	338	618	727
338	285	619	620
285	339	620	621
338	339	620	729
339	286	621	622
286	340	622	623
339	340	622	731
340	287	623	624
287	341	624	625
340	341	624	733
341	288	625	626
288	342	626	627
341	342	626	736
342	289	627	628
289	343	628	629
342	343	628	738
343	290	629	630
290	344	630	631
343	344	630	740
344	291	631	632
291	345	632	633
344	345	632	742
345	292	633	634
292	346	634	635
345	346	634	744
346	293	635	636
293	347	636	637
346	347	636	746
347	294	637	638
294	348	638	639
347	348	638	748
348	295	639	640
295	349	640	641
348	349	640	750
349	296	641	642
296	350	642	643
349	350	642	752
296	351	643	644
350	351	643	754
351	297	644	645
297	352	645	646
351	352	645	756
352	298	646	647
298	353	647	648
352	353	647	758
353	299	648	649
299	354	649	650
353	354	649	760
354	300	650	651
300	355	651	652
354	355	651	762
355	301	652	653
301	356	653	654
355	356	653	764
356	302	654	655
302	357	655	656
356	357	655	766
357	303	656	657
303	358	657	658
357	358	657	768
358	304	658	659
304	359	659	660
358	359	659	770
359	305	660	661
305	360	661	662
359	360	661	772
360	306	662	663
306	361	663	664
360	361	663	774
361	307	664	665
307	362	665	666
361	362	665	776
362	308	666	667
308	363	667	668
362	363	667	778
363	309	668	669
309	364	669	670
363	364	669	780
364	310	670	671
310	365	671	672
364	365	671	782
365	311	672	673
311	366	673	674
365	366	673	784
366	312	674	675
312	367	675	676
366	367	675	786
367	313	676	677
313	368	677	678
367	368	677	788
368	262	678	679
368	314	679	790
314	370	680	681
314	369	680	791
369	370	680	793
370	315	681	682
315	371	682	683
370	371	682	795
371	316	683	684
316	372	684	685
371	372	684	797
372	317	685	686
317	373	686	687
372	373	686	799
373	318	687	688
318	374	688	689
373	374	688	801
374	319	689	690
319	375	690	691
374	375	690	803
375	320	691	692
320	376	692	693
375	376	692	805
376	321	693	694
321	377	694	695
376	377	694	807
377	322	695	696
322	378	696	697
377	378	696	809
378	323	697	698
323	379	698	699
378	379	698	811
379	324	699	700
324	380	700	701
379	380	700	813
380	325	701	702
325	381	702	703
380	381	702	815
381	326	703	704
326	382	704	705
381	382	704	817
382	327	705	706
327	383	706	707
382	383	706	819
383	328	707	708
328	384	708	709
383	384	708	821
384	329	709	710
329	385	710	711
384	385	710	823
385	330	711	712
330	386	712	713
385	386	712	825
386	331	713	714
331	387	714	715
386	387	714	827
387	332	715	716
332	388	716	717
387	388	716	829
388	333	717	718
333	389	718	719
388	389	718	831
389	334	719	720
334	390	720	721
389	390	720	833
390	335	721	722
335	391	722	723
390	391	722	835
391	336	723	724
336	392	724	725
391	392	724	837
392	337	725	726
337	393	726	727
392	393	726	839
393	338	727	728
338	394	728	729
393	394	728	841
394	339	729	730
339	395	730	731
394	395	730	843
395	340	731	732
340	396	732	733
395	396	732	845
396	341	733	734
341	397	734	735
396	397	734	847
341	398	735	736
397	398	735	850
398	342	736	737
342	399	737	738
398	399	737	852
399	343	738	739
343	400	739	740
399	400	739	854
400	344	740	741
344	401	741	742
400	401	741	856
401	345	742	743
345	402	743	744
401	402	743	858
402	346	744	745
346	403	745	746
402	403	745	860
403	347	746	747
347	404	747	748
403	404	747	862
404	348	748	749
348	405	749	750
404	405	749	864
405	349	750	751
349	406	751	752
405	406	751	866
406	350	752	753
350	407	753	754
406	407	753	868
407	351	754	755
351	408	755	756
407	408	755	870
408	352	756	757
352	409	757	758
408	409	757	872
409	353	758	759
353	410	759	760
409	410	759	874
410	354	760	761
354	411	761	762
410	411	761	876
411	355	762	763
355	412	763	764
411	412	763	878
412	356	764	765
356	413	765	766
412	413	765	880
413	357	766	767
357	414	767	768
413	414	767	882
414	358	768	769
358	415	769	770
414	415	769	884
415	359	770	771
359	416	771	772
415	416	771	886
416	360	772	773
360	417	773	774
416	417	773	888
417	361	774	775
361	418	775	776
417	418	775	890
418	362	776	777
362	419	777	778
418	419	777	892
419	363	778	779
363	420	779	780
419	420	779	894
420	364	780	781
364	421	781	782
420	421	781	896
421	365	782	783
365	422	783	784
421	422	783	898
422	366	784	785
366	423	785	786
422	423	785	900
423	367	786	787
367	424	787	788
423	424	787	902
424	368	788	789
368	425	789	790
424	425	789	904
425	314	790	791
425	369	791	906
369	427	792	793
369	426	792	907
426	427	792	909
427	370	793	794
370	428	794	795
427	428	794	911
428	371	795	796
371	429	796	797
428	429	796	913
429	372	797	798
372	430	798	799
429	430	798	915
430	373	799	800
373	431	800	801
430	431	800	917
431	374	801	802
374	432	802	803
431	432	802	919
432	375	803	804
375	433	804	805
432	433	804	921
433	376	805	806
376	434	806	807
433	434	806	923
434	377	807	808
377	435	808	809
434	435	808	925
435	378	809	810
378	436	810	811
435	436	810	927
436	379	811	812
379	437	812	813
436	437	812	929
437	380	813	814
380	438	814	815
437	438	814	931
438	381	815	816
381	439	816	817
438	439	816	933
439	382	817	818
382	440	818	819
439	440	818	935
440	383	819	820
383	441	820	821
440	441	820	937
441	384	821	822
384	442	822	823
441	442	822	939
442	385	823	824
385	443	824	825
442	443	824	941
443	386	825	826
386	444	826	827
443	444	826	943
444	387	827	828
387	445	828	829
444	445	828	945
445	388	829	830
388	446	830	831
445	446	830	947
446	389	831	832
389	447	832	833
446	447	832	949
447	390	833	834
390	448	834	835
447	448	834	951
448	391	835	836
391	449	836	837
448	449	836	953
449	392	837	838
392	450	838	839
449	450	838	955
450	393	839	840
393	451	840	841
450	451	840	957
451	394	841	842
394	452	842	843
451	452	842	959
452	395	843	844
395	453	844	845
452	453	844	961
453	396	845	846
396	454	846	847
453	454	846	963
454	397	847	848
397	455	848	849
454	455	848	965
397	456	849	850
455	456	849	967
456	398	850	851
398	457	851	852
456	457	851	969
457	399	852	853
399	458	853	854
457	458	853	971
458	400	854	855
400	459	855	856
458	459	855	973
459	401	856	857
401	460	857	858
459	460	857	975
460	402	858	859
402	461	859	860
460	461	859	977
461	403	860	861
403	462	861	862
461	462	861	979
462	404	862	863
404	463	863	864
462	463	863	981
463	405	864	865
405	464	865	866
463	464	865	983
464	406	866	867
406	465	867	868
464	465	867	985
465	407	868	869
407	466	869	870
465	466	869	987
466	408	870	871
408	467	871	872
466	467	871	989
467	409	872	873
409	468	873	874
467	468	873	991
468	410	874	875
410	469	875	876
468	469	875	993
469	411	876	877
411	470	877	878
469	470	877	995
470	412	878	879
412	471	879	880
470	471	879	997
471	413	880	881
413	472	881	882
471	472	881	999
472	414	882	883
414	473	883	884
472	473	883	1001
473	415	884	885
415	474	885	886
473	474	885	1003
474	416	886	887
416	475	887	888
474	475	887	1005
475	417	888	889
417	476	889	890
475	476	889	1007
476	418	890	891
418	477	891	892
476	477	891	1009
477	419	892	893
419	478	893	894
477	478	893	1011
478	420	894	895
420	479	895	896
478	479	895	1013
479	421	896	897
421	480	897	898
479	480	897	1015
480	422	898	899
422	481	899	900
480	481	899	1017
481	423	900	901
423	482	901	902
481	482	901	1019
482	424	902	903
424	483	903	904
482	483	903	1021
483	425	904	905
425	484	905	906
483	484	905	1023
484	369	906	907
484	426	907	1025
426	486	908	909
426	485	908	1026
485	486	908	1027
486	427	909	910
427	487	910	911
486	487	910	1029
487	428	911	912
428	488	912	913
487	488	912	1031
488	429	913	914
429	489	914	915
488	489	914	1033
489	430	915	916
430	490	916	917
489	490	916	1035
490	431	917	918
431	491	918	919
490	491	918	1037
491	432	919	920
432	492	920	921
491	492	920	1039
492	433	921	922
433	493	922	923
492	493	922	1041
493	434	923	924
434	494	924	925
493	494	924	1043
494	435	925	926
435	495	926	927
494	495	926	1045
495	436	927	928
436	496	928	929
495	496	928	1047
496	437	929	930
437	497	930	931
496	497	930	1049
497	438	931	932
438	498	932	933
497	498	932	1051
498	439	933	934
439	499	934	935
498	499	934	1053
499	440	935	936
440	500	936	937
499	500	936	1055
500	441	937	938
441	501	938	939
500	501	938	1057
501	442	939	940
442	502	940	941
501	502	940	1059
502	443	941	942
443	503	942	943
502	503	942	1061
503	444	943	944
444	504	944	945
503	504	944	1063
504	445	945	946
445	505	946	947
504	505	946	1065
505	446	947	948
446	506	948	949
505	506	948	1067
506	447	949	950
447	507	950	951
506	507	950	1069
507	448	951	952
448	508	952	953
507	508	952	1071
508	449	953	954
449	509	954	955
508	509	954	1073
509	450	955	956
450	510	956	957
509	510	956	1075
510	451	957	958
451	511	958	959
510	511	958	1077
511	452	959	960
452	512	960	961
511	512	960	1079
512	453	961	962
453	513	962	963
512	513	962	1081
513	454	963	964
454	514	964	965
513	514	964	1083
514	455	965	966
455	515	966	967
514	515	966	1085
515	456	967	968
456	516	968	969
515	516	968	1087
516	457	969	970
457	517	970	971
516	517	970	1089
517	458	971	972
458	518	972	973
517	518	972	1091
518	459	973	974
459	519	974	975
518	519	974	1093
519	460	975	976
460	520	976	977
519	520	976	1095
520	461	977	978
461	521	978	979
520	521	978	1097
521	462	979	980
462	522	980	981
521	522	980	1099
522	463	981	982
463	523	982	983
522	523	982	1101
523	464	983	984
464	524	984	985
523	524	984	1103
524	465	985	986
465	525	986	987
524	525	986	1105
525	466	987	988
466	526	988	989
525	526	988	1107
526	467	989	990
467	527	990	991
526	527	990	1109
527	468	991	992
468	528	992	993
527	528	992	1111
528	469	993	994
469	529	994	995
528	529	994	1113
529	470	995	996
470	530	996	997
529	530	996	1115
530	471	997	998
471	531	998	999
530	531	998	1117
531	472	999	1000
472	532	1000	1001
531	532	1000	1119
532	473	1001	1002
473	533	1002	1003
532	533	1002	1121
533	474	1003	1004
474	534	1004	1005
533	534	1004	1123
534	475	1005	1006
475	535	1006	1007
534	535	1006	1125
535	476	1007	1008
476	536	1008	1009
535	536	1008	1127
536	477	1009	1010
477	537	1010	1011
536	537	1010	1129
537	478	1011	1012
478	538	1012	1013
537	538	1012	1131
538	479	1013	1014
479	539	1014	1015
538	539	1014	1133
539	480	1015	1016
480	540	1016	1017
539	540	1016	1135
540	481	1017	1018
481	541	1018	1019
540	541	1018	1137
541	482	1019	1020
482	542	1020	1021
541	542	1020	1139
542	483	1021	1022
483	543	1022	1023
542	543	1022	1141
543	484	1023	1024
484	544	1024	1025
543	544	1024	1143
544	426	1025	1026
544	485	1026	1145
545	486	1027	1028
485	545	1027	1146
486	546	1028	1029
545	546	1028	1147
546	487	1029	1030
487	547	1030	1031
546	547	1030	1149
547	488	1031	1032
488	548	1032	1033
547	548	1032	1151
548	489	1033	1034
489	549	1034	1035
548	549	1034	1153
549	490	1035	1036
490	550	1036	1037
549	550	1036	1155
550	491	1037	1038
491	551	1038	1039
550	551	1038	1157
551	492	1039	1040
492	552	1040	1041
551	552	1040	1159
552	493	1041	1042
493	553	1042	1043
552	553	1042	1161
553	494	1043	1044
494	554	1044	1045
553	554	1044	1163
554	495	1045	1046
495	555	1046	1047
554	555	1046	1165
555	496	1047	1048
496	556	1048	1049
555	556	1048	1167
556	497	1049	1050
497	557	1050	1051
556	557	1050	1169
557	498	1051	1052
498	558	1052	1053
557	558	1052	1171
558	499	1053	1054
499	559	1054	1055
558	559	1054	1173
559	500	1055	1056
500	560	1056	1057
559	560	1056	1175
560	501	1057	1058
501	561	1058	1059
560	561	1058	1177
561	502	1059	1060
502	562	1060	1061
561	562	1060	1179
562	503	1061	1062
503	563	1062	1063
562	563	1062	1181
563	504	1063	1064
504	564	1064	1065
563	564	1064	1183
564	505	1065	1066
505	565	1066	1067
564	565	1066	1185
565	506	1067	1068
506	566	1068	1069
565	566	1068	1187
566	507	1069	1070
507	567	1070	1071
566	567	1070	1189
567	508	1071	1072
508	568	1072	1073
567	568	1072	1191
568	509	1073	1074
509	569	1074	1075
568	569	1074	1193
569	510	1075	1076
510	570	1076	1077
569	570	1076	1195
570	511	1077	1078
511	571	1078	1079
570	571	1078	1197
571	512	1079	1080
512	572	1080	1081
571	572	1080	1199
572	513	1081	1082
513	573	1082	1083
572	573	1082	1201
573	514	1083	1084
514	574	1084	1085
573	574	1084	1203
574	515	1085	1086
515	575	1086	1087
574	575	1086	1205
575	516	1087	1088
516	576	1088	1089
575	576	1088	1207
576	517	1089	1090
517	577	1090	1091
576	577	1090	1209
577	518	1091	1092
518	578	1092	1093
577	578	1092	1211
578	519	1093	1094
519	579	1094	1095
578	579	1094	1213
579	520	1095	1096
520	580	1096	1097
579	580	1096	1215
580	521	1097	1098
521	581	1098	1099
580	581	1098	1217
581	522	1099	1100
522	582	1100	1101
581	582	1100	1219
582	523	1101	1102
523	583	1102	1103
582	583	1102	1221
583	524	1103	1104
524	584	1104	1105
583	584	1104	1223
584	525	1105	1106
525	585	1106	1107
584	585	1106	1225
585	526	1107	1108
526	586	1108	1109
585	586	1108	1227
586	527	1109	1110
527	587	1110	1111
586	587	1110	1229
587	528	1111	1112
528	588	1112	1113
587	588	1112	1231
588	529	1113	1114
529	589	1114	1115
588	589	1114	1233
589	530	1115	1116
530	590	1116	1117
589	590	1116	1235
590	531	1117	1118
531	591	1118	1119
590	591	1118	1237
591	532	1119	1120
532	592	1120	1121
591	592	1120	1239
592	533	1121	1122
533	593	1122	1123
592	593	1122	1241
593	534	1123	1124
534	594	1124	1125
593	594	1124	1243
594	535	1125	1126
535	595	1126	1127
594	595	1126	1245
595	536	1127	1128
536	596	1128	1129
595	596	1128	1247
596	537	1129	1130
537	597	1130	1131
596	597	1130	1249
597	538	1131	1132
538	598	1132	1133
597	598	1132	1251
598	539	1133	1134
539	599	1134	1135
598	599	1134	1253
599	540	1135	1136
540	600	1136	1137
599	600	1136	1255
600	541	1137	1138
541	601	1138	1139
600	601	1138	1257
601	542	1139	1140
542	602	1140	1141
601	602	1140	1259
602	543	1141	1142
543	603	1142	1143
602	603	1142	1261
603	544	1143	1144
544	604	1144	1145
603	604	1144	1263
604	485	1145	1146
604	545	1146	1265
605	546	1147	1148
545	605	1147	1266
546	606	1148	1149
605	606	1148	1267
606	547	1149	1150
547	607	1150	1151
606	607	1150	1269
607	548	1151	1152
548	608	1152	1153
607	608	1152	1271
608	549	1153	1154
549	609	1154	1155
608	609	1154	1273
609	550	1155	1156
550	610	1156	1157
609	610	1156	1275
610	551	1157	1158
551	611	1158	1159
610	611	1158	1277
611	552	1159	1160
552	612	1160	1161
611	612	1160	1279
612	553	1161	1162
553	613	1162	1163
612	613	1162	1281
613	554	1163	1164
554	614	1164	1165
613	614	1164	1283
614	555	1165	1166
555	615	1166	1167
614	615	1166	1285
615	556	1167	1168
556	616	1168	1169
615	616	1168	1287
616	557	1169	1170
557	617	1170	1171
616	617	1170	1289
617	558	1171	1172
558	618	1172	1173
617	618	1172	1291
618	559	1173	1174
559	619	1174	1175
618	619	1174	1293
619	560	1175	1176
560	620	1176	1177
619	620	1176	1295
620	561	1177	1178
561	621	1178	1179
620	621	1178	1297
621	562	1179	1180
562	622	1180	1181
621	622	1180	1299
622	563	1181	1182
563	623	1182	1183
622	623	1182	1301
623	564	1183	1184
564	624	1184	1185
623	624	1184	1303
624	565	1185	1186
565	625	1186	1187
624	625	1186	1305
625	566	1187	1188
566	626	1188	1189
625	626	1188	1307
626	567	1189	1190
567	627	1190	1191
626	627	1190	1309
627	568	1191	1192
568	628	1192	1193
627	628	1192	1311
628	569	1193	1194
569	629	1194	1195
628	629	1194	1313
629	570	1195	1196
570	630	1196	1197
629	630	1196	1315
630	571	1197	1198
571	631	1198	1199
630	631	1198	1317
631	572	1199	1200
572	632	1200	1201
631	632	1200	1319
632	573	1201	1202
573	633	1202	1203
632	633	1202	1321
633	574	1203	1204
574	634	1204	1205
633	634	1204	1323
634	575	1205	1206
575	635	1206	1207
634	635	1206	1325
635	576	1207	1208
576	636	1208	1209
635	636	1208	1327
636	577	1209	1210
577	637	1210	1211
636	637	1210	1329
637	578	1211	1212
578	638	1212	1213
637	638	1212	1331
638	579	1213	1214
579	639	1214	1215
638	639	1214	1333
639	580	1215	1216
580	640	1216	1217
639	640	1216	1335
640	581	1217	1218
581	641	1218	1219
640	641	1218	1337
641	582	1219	1220
582	642	1220	1221
641	642	1220	1339
642	583	1221	1222
583	643	1222	1223
642	643	1222	1341
643	584	1223	1224
584	644	1224	1225
643	644	1224	1343
644	585	1225	1226
585	645	1226	1227
644	645	1226	1345
645	586	1227	1228
586	646	1228	1229
645	646	1228	1347
646	587	1229	1230
587	647	1230	1231
646	647	1230	1349
647	588	1231	1232
588	648	1232	1233
647	648	1232	1351
648	589	1233	1234
589	649	1234	1235
648	649	1234	1353
649	590	1235	1236
590	650	1236	1237
649	650	1236	1355
650	591	1237	1238
591	651	1238	1239
650	651	1238	1357
651	592	1239	1240
592	652	1240	1241
651	652	1240	1359
652	593	1241	1242
593	653	1242	1243
652	653	1242	1361
653	594	1243	1244
594	654	1244	1245
653	654	1244	1363
654	595	1245	1246
595	655	1246	1247
654	655	1246	1365
655	596	1247	1248
596	656	1248	1249
655	656	1248	1367
656	597	1249	1250
597	657	1250	1251
656	657	1250	1369
657	598	1251	1252
598	658	1252	1253
657	658	1252	1371
658	599	1253	1254
599	659	1254	1255
658	659	1254	1373
659	600	1255	1256
600	660	1256	1257
659	660	1256	1375
660	601	1257	1258
601	661	1258	1259
660	661	1258	1377
661	602	1259	1260
602	662	1260	1261
661	662	1260	1379
662	603	1261	1262
603	663	1262	1263
662	663	1262	1381
663	604	1263	1264
604	664	1264	1265
663	664	1264	1383
664	545	1265	1266
664	605	1266	1384
665	606	1267	1268
605	665	1267	1385
606	666	1268	1269
665	666	1268	1386
666	607	1269	1270
607	667	1270	1271
666	667	1270	1388
667	608	1271	1272
608	668	1272	1273
667	668	1272	1390
668	609	1273	1274
609	669	1274	1275
668	669	1274	1392
669	610	1275	1276
610	670	1276	1277
669	670	1276	1394
670	611	1277	1278
611	671	1278	1279
670	671	1278	1396
671	612	1279	1280
612	672	1280	1281
671	672	1280	1398
672	613	1281	1282
613	673	1282	1283
672	673	1282	1400
673	614	1283	1284
614	674	1284	1285
673	674	1284	1402
674	615	1285	1286
615	675	1286	1287
674	675	1286	1404
675	616	1287	1288
616	676	1288	1289
675	676	1288	1406
676	617	1289	1290
617	677	1290	1291
676	677	1290	1408
677	618	1291	1292
618	678	1292	1293
677	678	1292	1410
678	619	1293	1294
619	679	1294	1295
678	679	1294	1412
679	620	1295	1296
620	680	1296	1297
679	680	1296	1414
680	621	1297	1298
621	681	1298	1299
680	681	1298	1416
681	622	1299	1300
622	682	1300	1301
681	682	1300	1418
682	623	1301	1302
623	683	1302	1303
682	683	1302	1420
683	624	1303	1304
624	684	1304	1305
683	684	1304	1422
684	625	1305	1306
625	685	1306	1307
684	685	1306	1424
685	626	1307	1308
626	686	1308	1309
685	686	1308	1426
686	627	1309	1310
627	687	1310	1311
686	687	1310	1428
687	628	1311	1312
628	688	1312	1313
687	688	1312	1430
688	629	1313	1314
629	689	1314	1315
688	689	1314	1432
689	630	1315	1316
630	690	1316	1317
689	690	1316	1434
690	631	1317	1318
631	691	1318	1319
690	691	1318	1436
691	632	1319	1320
632	692	1320	1321
691	692	1320	1438
692	633	1321	1322
633	693	1322	1323
692	693	1322	1440
693	634	1323	1324
634	694	1324	1325
693	694	1324	1442
694	635	1325	1326
635	695	1326	1327
694	695	1326	1443
695	636	1327	1328
636	696	1328	1329
695	696	1328	1445
696	637	1329	1330
637	697	1330	1331
696	697	1330	1447
697	638	1331	1332
638	698	1332	1333
697	698	1332	1449
698	639	1333	1334
639	699	1334	1335
698	699	1334	1451
699	640	1335	1336
640	700	1336	1337
699	700	1336	1453
700	641	1337	1338
641	701	1338	1339
700	701	1338	1455
701	642	1339	1340
642	702	1340	1341
701	702	1340	1457
702	643	1341	1342
643	703	1342	1343
702	703	1342	1459
703	644	1343	1344
644	704	1344	1345
703	704	1344	1461
704	645	1345	1346
645	705	1346	1347
704	705	1346	1463
705	646	1347	1348
646	706	1348	1349
705	706	1348	1465
706	647	1349	1350
647	707	1350	1351
706	707	1350	1467
707	648	1351	1352
648	708	1352	1353
707	708	1352	1469
708	649	1353	1354
649	709	1354	1355
708	709	1354	1471
709	650	1355	1356
650	710	1356	1357
709	710	1356	1473
710	651	1357	1358
651	711	1358	1359
710	711	1358	1475
711	652	1359	1360
652	712	1360	1361
711	712	1360	1477
712	653	1361	1362
653	713	1362	1363
712	713	1362	1479
713	654	1363	1364
654	714	1364	1365
713	714	1364	1481
714	655	1365	1366
655	715	1366	1367
714	715	1366	1483
715	656	1367	1368
656	716	1368	1369
715	716	1368	1485
716	657	1369	1370
657	717	1370	1371
716	717	1370	1487
717	658	1371	1372
658	718	1372	1373
717	718	1372	1489
718	659	1373	1374
659	719	1374	1375
718	719	1374	1491
719	660	1375	1376
660	720	1376	1377
719	720	1376	1493
720	661	1377	1378
661	721	1378	1379
720	721	1378	1495
721	662	1379	1380
662	722	1380	1381
721	722	1380	1497
722	663	1381	1382
663	723	1382	1383
722	723	1382	1499
723	664	1383	1384
723	605	1384	1385
723	665	1385	1500
724	666	1386	1387
665	724	1386	1501
666	725	1387	1388
724	725	1387	1502
725	667	1388	1389
667	726	1389	1390
725	726	1389	1504
726	668	1390	1391
668	727	1391	1392
726	727	1391	1506
727	669	1392	1393
669	728	1393	1394
727	728	1393	1508
728	670	1394	1395
670	729	1395	1396
728	729	1395	1510
729	671	1396	1397
671	730	1397	1398
729	730	1397	1512
730	672	1398	1399
672	731	1399	1400
730	731	1399	1514
731	673	1400	1401
673	732	1401	1402
731	732	1401	1516
732	674	1402	1403
674	733	1403	1404
732	733	1403	1518
733	675	1404	1405
675	734	1405	1406
733	734	1405	1520
734	676	1406	1407
676	735	1407	1408
734	735	1407	1522
735	677	1408	1409
677	736	1409	1410
735	736	1409	1524
736	678	1410	1411
678	737	1411	1412
736	737	1411	1526
737	679	1412	1413
679	738	1413	1414
737	738	1413	1528
738	680	1414	1415
680	739	1415	1416
738	739	1415	1530
739	681	1416	1417
681	740	1417	1418
739	740	1417	1532
740	682	1418	1419
682	741	1419	1420
740	741	1419	1534
741	683	1420	1421
683	742	1421	1422
741	742	1421	1536
742	684	1422	1423
684	743	1423	1424
742	743	1423	1538
743	685	1424	1425
685	744	1425	1426
743	744	1425	1540
744	686	1426	1427
686	745	1427	1428
744	745	1427	1542
745	687	1428	1429
687	746	1429	1430
745	746	1429	1544
746	688	1430	1431
688	747	1431	1432
746	747	1431	1546
747	689	1432	1433
689	748	1433	1434
747	748	1433	1548
748	690	1434	1435
690	749	1435	1436
748	749	1435	1550
749	691	1436	1437
691	750	1437	1438
749	750	1437	1552
750	692	1438	1439
692	751	1439	1440
750	751	1439	1554
751	693	1440	1441
693	752	1441	1442
751	752	1441	1556
752	694	1442	1443
752	695	1443	1444
695	753	1444	1445
752	753	1444	1557
753	696	1445	1446
696	754	1446	1447
753	754	1446	1559
754	697	1447	1448
697	755	1448	1449
754	755	1448	1561
755	698	1449	1450
698	756	1450	1451
755	756	1450	1563
756	699	1451	1452
699	757	1452	1453
756	757	1452	1565
757	700	1453	1454
700	758	1454	1455
757	758	1454	1567
758	701	1455	1456
701	759	1456	1457
758	759	1456	1569
759	702	1457	1458
702	760	1458	1459
759	760	1458	1571
760	703	1459	1460
703	761	1460	1461
760	761	1460	1573
761	704	1461	1462
704	762	1462	1463
761	762	1462	1575
762	705	1463	1464
705	763	1464	1465
762	763	1464	1577
763	706	1465	1466
706	764	1466	1467
763	764	1466	1579
764	707	1467	1468
707	765	1468	1469
764	765	1468	1581
765	708	1469	1470
708	766	1470	1471
765	766	1470	1583
766	709	1471	1472
709	767	1472	1473
766	767	1472	1585
767	710	1473	1474
710	768	1474	1475
767	768	1474	1587
768	711	1475	1476
711	769	1476	1477
768	769	1476	1589
769	712	1477	1478
712	770	1478	1479
769	770	1478	1591
770	713	1479	1480
713	771	1480	1481
770	771	1480	1593
771	714	1481	1482
714	772	1482	1483
771	772	1482	1595
772	715	1483	1484
715	773	1484	1485
772	773	1484	1597
773	716	1485	1486
716	774	1486	1487
773	774	1486	1599
774	717	1487	1488
717	775	1488	1489
774	775	1488	1601
775	718	1489	1490
718	776	1490	1491
775	776	1490	1603
776	719	1491	1492
719	777	1492	1493
776	777	1492	1605
777	720	1493	1494
720	778	1494	1495
777	778	1494	1607
778	721	1495	1496
721	779	1496	1497
778	779	1496	1609
779	722	1497	1498
722	780	1498	1499
779	780	1498	1611
780	723	1499	1500
780	665	1500	1501
780	724	1501	1612
781	725	1502	1503
724	781	1502	1613
725	782	1503	1504
781	782	1503	1614
782	726	1504	1505
726	783	1505	1506
782	783	1505	1616
783	727	1506	1507
727	784	1507	1508
783	784	1507	1618
784	728	1508	1509
728	785	1509	1510
784	785	1509	1620
785	729	1510	1511
729	786	1511	1512
785	786	1511	1622
786	730	1512	1513
730	787	1513	1514
786	787	1513	1624
787	731	1514	1515
731	788	1515	1516
787	788	1515	1626
788	732	1516	1517
732	789	1517	1518
788	789	1517	1628
789	733	1518	1519
733	790	1519	1520
789	790	1519	1630
790	734	1520	1521
734	791	1521	1522
790	791	1521	1632
791	735	1522	1523
735	792	1523	1524
791	792	1523	1634
792	736	1524	1525
736	793	1525	1526
792	793	1525	1636
793	737	1526	1527
737	794	1527	1528
793	794	1527	1638
794	738	1528	1529
738	795	1529	1530
794	795	1529	1640
795	739	1530	1531
739	796	1531	1532
795	796	1531	1642
796	740	1532	1533
740	797	1533	1534
796	797	1533	1644
797	741	1534	1535
741	798	1535	1536
797	798	1535	1646
798	742	1536	1537
742	799	1537	1538
798	799	1537	1648
799	743	1538	1539
743	800	1539	1540
799	800	1539	1649
800	744	1540	1541
744	801	1541	1542
800	801	1541	1651
801	745	1542	1543
745	802	1543	1544
801	802	1543	1653
802	746	1544	1545
746	803	1545	1546
802	803	1545	1655
803	747	1546	1547
747	804	1547	1548
803	804	1547	1657
804	748	1548	1549
748	805	1549	1550
804	805	1549	1659
805	749	1550	1551
749	806	1551	1552
805	806	1551	1661
806	750	1552	1553
750	807	1553	1554
806	807	1553	1663
807	751	1554	1555
751	808	1555	1556
807	808	1555	1665
808	752	1556	1557
808	753	1557	1558
753	809	1558	1559
808	809	1558	1667
809	754	1559	1560
754	810	1560	1561
809	810	1560	1669
810	755	1561	1562
755	811	1562	1563
810	811	1562	1671
811	756	1563	1564
756	812	1564	1565
811	812	1564	1673
812	757	1565	1566
757	813	1566	1567
812	813	1566	1675
813	758	1567	1568
758	814	1568	1569
813	814	1568	1677
814	759	1569	1570
759	815	1570	1571
814	815	1570	1679
815	760	1571	1572
760	816	1572	1573
815	816	1572	1681
816	761	1573	1574
761	817	1574	1575
816	817	1574	1683
817	762	1575	1576
762	818	1576	1577
817	818	1576	1684
818	763	1577	1578
763	819	1578	1579
818	819	1578	1686
819	764	1579	1580
764	820	1580	1581
819	820	1580	1688
820	765	1581	1582
765	821	1582	1583
820	821	1582	1690
821	766	1583	1584
766	822	1584	1585
821	822	1584	1692
822	767	1585	1586
767	823	1586	1587
822	823	1586	1694
823	768	1587	1588
768	824	1588	1589
823	824	1588	1696
824	769	1589	1590
769	825	1590	1591
824	825	1590	1698
825	770	1591	1592
770	826	1592	1593
825	826	1592	1700
826	771	1593	1594
771	827	1594	1595
826	827	1594	1702
827	772	1595	1596
772	828	1596	1597
827	828	1596	1704
828	773	1597	1598
773	829	1598	1599
828	829	1598	1706
829	774	1599	1600
774	830	1600	1601
829	830	1600	1708
830	775	1601	1602
775	831	1602	1603
830	831	1602	1710
831	776	1603	1604
776	832	1604	1605
831	832	1604	1712
832	777	1605	1606
777	833	1606	1607
832	833	1606	1714
833	778	1607	1608
778	834	1608	1609
833	834	1608	1716
834	779	1609	1610
779	835	1610	1611
834	835	1610	1718
835	780	1611	1612
835	724	1612	1613
835	781	1613	1719
836	782	1614	1615
781	836	1614	1720
782	837	1615	1616
836	837	1615	1721
837	783	1616	1617
783	838	1617	1618
837	838	1617	1723
838	784	1618	1619
784	839	1619	1620
838	839	1619	1725
839	785	1620	1621
785	840	1621	1622
839	840	1621	1727
840	786	1622	1623
786	841	1623	1624
840	841	1623	1729
841	787	1624	1625
787	842	1625	1626
841	842	1625	1731
842	788	1626	1627
788	843	1627	1628
842	843	1627	1733
843	789	1628	1629
789	844	1629	1630
843	844	1629	1735
844	790	1630	1631
790	845	1631	1632
844	845	1631	1737
845	791	1632	1633
791	846	1633	1634
845	846	1633	1739
846	792	1634	1635
792	847	1635	1636
846	847	1635	1741
847	793	1636	1637
793	848	1637	1638
847	848	1637	1743
848	794	1638	1639
794	849	1639	1640
848	849	1639	1745
849	795	1640	1641
795	850	1641	1642
849	850	1641	1747
850	796	1642	1643
796	851	1643	1644
850	851	1643	1749
851	797	1644	1645
797	852	1645	1646
851	852	1645	1751
852	798	1646	1647
798	853	1647	1648
852	853	1647	1753
853	799	1648	1649
853	800	1649	1650
800	854	1650	1651
853	854	1650	1754
854	801	1651	1652
801	855	1652	1653
854	855	1652	1756
855	802	1653	1654
802	856	1654	1655
855	856	1654	1758
856	803	1655	1656
803	857	1656	1657
856	857	1656	1760
857	804	1657	1658
804	858	1658	1659
857	858	1658	1762
858	805	1659	1660
805	859	1660	1661
858	859	1660	1764
859	806	1661	1662
806	860	1662	1663
859	860	1662	1766
860	807	1663	1664
807	861	1664	1665
860	861	1664	1768
861	808	1665	1666
808	862	1666	1667
861	862	1666	1770
862	809	1667	1668
809	863	1668	1669
862	863	1668	1772
863	810	1669	1670
810	864	1670	1671
863	864	1670	1774
864	811	1671	1672
811	865	1672	1673
864	865	1672	1776
865	812	1673	1674
812	866	1674	1675
865	866	1674	1778
866	813	1675	1676
813	867	1676	1677
866	867	1676	1780
867	814	1677	1678
814	868	1678	1679
867	868	1678	1782
868	815	1679	1680
815	869	1680	1681
868	869	1680	1784
869	816	1681	1682
816	870	1682	1683
869	870	1682	1786
870	817	1683	1684
870	818	1684	1685
818	871	1685	1686
870	871	1685	1787
871	819	1686	1687
819	872	1687	1688
871	872	1687	1789
872	820	1688	1689
820	873	1689	1690
872	873	1689	1791
873	821	1690	1691
821	874	1691	1692
873	874	1691	1793
874	822	1692	1693
822	875	1693	1694
874	875	1693	1795
875	823	1694	1695
823	876	1695	1696
875	876	1695	1797
876	824	1696	1697
824	877	1697	1698
876	877	1697	1799
877	825	1698	1699
825	878	1699	1700
877	878	1699	1801
878	826	1700	1701
826	879	1701	1702
878	879	1701	1803
879	827	1702	1703
827	880	1703	1704
879	880	1703	1805
880	828	1704	1705
828	881	1705	1706
880	881	1705	1807
881	829	1706	1707
829	882	1707	1708
881	882	1707	1809
882	830	1708	1709
830	883	1709	1710
882	883	1709	1811
883	831	1710	1711
831	884	1711	1712
883	884	1711	1813
884	832	1712	1713
832	885	1713	1714
884	885	1713	1815
885	833	1714	1715
833	886	1715	1716
885	886	1715	1817
886	834	1716	1717
834	887	1717	1718
886	887	1717	1819
887	835	1718	1719
887	781	1719	1720
887	836	1720	1820
888	837	1721	1722
836	888	1721	1821
837	889	1722	1723
888	889	1722	1822
889	838	1723	1724
838	890	1724	1725
889	890	1724	1824
890	839	1725	1726
839	891	1726	1727
890	891	1726	1826
891	840	1727	1728
840	892	1728	1729
891	892	1728	1828
892	841	1729	1730
841	893	1730	1731
892	893	1730	1830
893	842	1731	1732
842	894	1732	1733
893	894	1732	1832
894	843	1733	1734
843	895	1734	1735
894	895	1734	1834
895	844	1735	1736
844	896	1736	1737
895	896	1736	1836
896	845	1737	1738
845	897	1738	1739
896	897	1738	1838
897	846	1739	1740
846	898	1740	1741
897	898	1740	1840
898	847	1741	1742
847	899	1742	1743
898	899	1742	1842
899	848	1743	1744
848	900	1744	1745
899	900	1744	1844
900	849	1745	1746
849	901	1746	1747
900	901	1746	1845
901	850	1747	1748
850	902	1748	1749
901	902	1748	1847
902	851	1749	1750
851	903	1750	1751
902	903	1750	1849
903	852	1751	1752
852	904	1752	1753
903	904	1752	1851
904	853	1753	1754
904	854	1754	1755
854	905	1755	1756
904	905	1755	1853
905	855	1756	1757
855	906	1757	1758
905	906	1757	1855
906	856	1758	1759
856	907	1759	1760
906	907	1759	1857
907	857	1760	1761
857	908	1761	1762
907	908	1761	1859
908	858	1762	1763
858	909	1763	1764
908	909	1763	1861
909	859	1764	1765
859	910	1765	1766
909	910	1765	1863
910	860	1766	1767
860	911	1767	1768
910	911	1767	1865
911	861	1768	1769
861	912	1769	1770
911	912	1769	1867
912	862	1770	1771
862	913	1771	1772
912	913	1771	1868
913	863	1772	1773
863	914	1773	1774
913	914	1773	1870
914	864	1774	1775
864	915	1775	1776
914	915	1775	1872
915	865	1776	1777
865	916	1777	1778
915	916	1777	1874
916	866	1778	1779
866	917	1779	1780
916	917	1779	1876
917	867	1780	1781
867	918	1781	1782
917	918	1781	1878
918	868	1782	1783
868	919	1783	1784
918	919	1783	1880
919	869	1784	1785
869	920	1785	1786
919	920	1785	1882
920	870	1786	1787
920	871	1787	1788
871	921	1788	1789
920	921	1788	1884
921	872	1789	1790
872	922	1790	1791
921	922	1790	1886
922	873	1791	1792
873	923	1792	1793
922	923	1792	1888
923	874	1793	1794
874	924	1794	1795
923	924	1794	1890
924	875	1795	1796
875	925	1796	1797
924	925	1796	1891
925	876	1797	1798
876	926	1798	1799
925	926	1798	1893
926	877	1799	1800
877	927	1800	1801
926	927	1800	1895
927	878	1801	1802
878	928	1802	1803
927	928	1802	1897
928	879	1803	1804
879	929	1804	1805
928	929	1804	1899
929	880	1805	1806
880	930	1806	1807
929	930	1806	1901
930	881	1807	1808
881	931	1808	1809
930	931	1808	1903
931	882	1809	1810
882	932	1810	1811
931	932	1810	1905
932	883	1811	1812
883	933	1812	1813
932	933	1812	1907
933	884	1813	1814
884	934	1814	1815
933	934	1814	1909
934	885	1815	1816
885	935	1816	1817
934	935	1816	1911
935	886	1817	1818
886	936	1818	1819
935	936	1818	1913
936	887	1819	1820
936	836	1820	1821
936	888	1821	1914
937	889	1822	1823
888	937	1822	1915
889	938	1823	1824
937	938	1823	1916
938	890	1824	1825
890	939	1825	1826
938	939	1825	1918
939	891	1826	1827
891	940	1827	1828
939	940	1827	1920
940	892	1828	1829
892	941	1829	1830
940	941	1829	1922
941	893	1830	1831
893	942	1831	1832
941	942	1831	1924
942	894	1832	1833
894	943	1833	1834
942	943	1833	1926
943	895	1834	1835
895	944	1835	1836
943	944	1835	1928
944	896	1836	1837
896	945	1837	1838
944	945	1837	1930
945	897	1838	1839
897	946	1839	1840
945	946	1839	1931
946	898	1840	1841
898	947	1841	1842
946	947	1841	1933
947	899	1842	1843
899	948	1843	1844
947	948	1843	1935
948	900	1844	1845
948	901	1845	1846
901	949	1846	1847
948	949	1846	1937
949	902	1847	1848
902	950	1848	1849
949	950	1848	1939
950	903	1849	1850
903	951	1850	1851
950	951	1850	1941
951	904	1851	2629
904	952	1852	1853
904	1316	1852	2627
1316	952	1852	2666
952	905	1853	1854
952	1313	1854	1945
905	1313	1854	2622
953	906	1855	1856
905	953	1855	2620
953	1299	1856	2493
906	1299	1856	2594
954	907	1857	1858
906	954	1857	2592
907	955	1858	1859
954	955	1858	2651
955	908	1859	1860
908	956	1860	1861
955	956	1860	1950
956	909	1861	1862
909	957	1862	1863
956	957	1862	1952
957	910	1863	1864
910	958	1864	1865
957	958	1864	1954
958	911	1865	1866
911	959	1866	1867
958	959	1866	1956
959	912	1867	1868
959	913	1868	1869
913	960	1869	1870
959	960	1869	1958
960	914	1870	1871
914	961	1871	1872
960	961	1871	1960
961	915	1872	1873
915	962	1873	1874
961	962	1873	1962
962	916	1874	1875
916	963	1875	1876
962	963	1875	1964
963	917	1876	1877
917	964	1877	1878
963	964	1877	1965
964	918	1878	1879
918	965	1879	1880
964	965	1879	1967
965	919	1880	1881
919	966	1881	1882
965	966	1881	1969
966	920	1882	1883
920	967	1883	1884
966	967	1883	1971
967	921	1884	1885
921	968	1885	1886
967	968	1885	1973
968	922	1886	1887
922	969	1887	1888
968	969	1887	1975
969	923	1888	1889
923	970	1889	1890
969	970	1889	1977
970	924	1890	1891
970	925	1891	1892
925	971	1892	1893
970	971	1892	1979
971	926	1893	1894
926	972	1894	1895
971	972	1894	1981
972	927	1895	1896
927	973	1896	1897
972	973	1896	1982
973	928	1897	1898
928	974	1898	1899
973	974	1898	1984
974	929	1899	1900
929	975	1900	1901
974	975	1900	1986
975	930	1901	1902
930	976	1902	1903
975	976	1902	1988
976	931	1903	1904
931	977	1904	1905
976	977	1904	1990
977	932	1905	1906
932	978	1906	1907
977	978	1906	1992
978	933	1907	1908
933	979	1908	1909
978	979	1908	1994
979	934	1909	1910
934	980	1910	1911
979	980	1910	1996
980	935	1911	1912
935	981	1912	1913
980	981	1912	1998
981	936	1913	1914
981	888	1914	1915
981	937	1915	1999
982	938	1916	1917
937	982	1916	2000
938	983	1917	1918
982	983	1917	2001
983	939	1918	1919
939	984	1919	1920
983	984	1919	2003
984	940	1920	1921
940	985	1921	1922
984	985	1921	2005
985	941	1922	1923
941	986	1923	1924
985	986	1923	2007
986	942	1924	1925
942	987	1925	1926
986	987	1925	2009
987	943	1926	1927
943	988	1927	1928
987	988	1927	2011
988	944	1928	1929
944	989	1929	1930
988	989	1929	2013
989	945	1930	1931
989	946	1931	1932
946	990	1932	1933
989	990	1932	2014
990	947	1933	1934
947	991	1934	1935
990	991	1934	2016
991	948	1935	1936
948	992	1936	1937
991	992	1936	2018
992	949	1937	1938
949	993	1938	1939
992	993	1938	2020
993	950	1939	1940
950	994	1940	1941
993	994	1940	2022
994	951	1941	2560
994	1252	1942	2499
1282	994	1942	2560
1282	1252	1942	2575
1268	1335	1943	2506
1316	1268	1943	2628
1316	1335	1943	2666
1269	1341	1944	2497
1308	1269	1944	2612
1308	1341	1944	2678
952	1280	1945	2505
1280	1313	1945	2621
1270	1345	1946	2494
1270	1288	1946	2572
1345	1288	1946	2686
1300	1266	1947	2546
1300	1277	1947	2596
1277	1266	1947	2654
997	955	1948	1949
1329	997	1948	2550
1329	955	1948	2653
955	998	1949	1950
997	998	1949	2525
998	956	1950	1951
956	999	1951	1952
998	999	1951	2031
999	957	1952	1953
957	1000	1953	1954
999	1000	1953	2033
1000	958	1954	1955
958	1001	1955	1956
1000	1001	1955	2035
1001	959	1956	1957
959	1002	1957	1958
1001	1002	1957	2037
1002	960	1958	1959
960	1003	1959	1960
1002	1003	1959	2039
1003	961	1960	1961
961	1004	1961	1962
1003	1004	1961	2041
1004	962	1962	1963
962	1005	1963	1964
1004	1005	1963	2043
1005	963	1964	1965
1005	964	1965	1966
964	1006	1966	1967
1005	1006	1966	2044
1006	965	1967	1968
965	1007	1968	1969
1006	1007	1968	2046
1007	966	1969	1970
966	1008	1970	1971
1007	1008	1970	2048
1008	967	1971	1972
967	1009	1972	1973
1008	1009	1972	2050
1009	968	1973	1974
968	1010	1974	1975
1009	1010	1974	2052
1010	969	1975	1976
969	1011	1976	1977
1010	1011	1976	2054
1011	970	1977	1978
970	1012	1978	1979
1011	1012	1978	2056
1012	971	1979	1980
971	1013	1980	1981
1012	1013	1980	2058
1013	972	1981	1982
1013	973	1982	1983
973	1014	1983	1984
1013	1014	1983	2059
1014	974	1984	1985
974	1015	1985	1986
1014	1015	1985	2061
1015	975	1986	1987
975	1016	1987	1988
1015	1016	1987	2063
1016	976	1988	1989
976	1017	1989	1990
1016	1017	1989	2065
1017	977	1990	1991
977	1018	1991	1992
1017	1018	1991	2067
1018	978	1992	1993
978	1019	1993	1994
1018	1019	1993	2069
1019	979	1994	1995
979	1020	1995	1996
1019	1020	1995	2071
1020	980	1996	1997
980	1021	1997	1998
1020	1021	1997	2073
1021	981	1998	1999
1021	937	1999	2000
1021	982	2000	2074
1022	983	2001	2002
982	1022	2001	2075
983	1023	2002	2003
1022	1023	2002	2076
1023	984	2003	2004
984	1024	2004	2005
1023	1024	2004	2078
1024	985	2005	2006
985	1025	2006	2007
1024	1025	2006	2080
1025	986	2007	2008
986	1026	2008	2009
1025	1026	2008	2082
1026	987	2009	2010
987	1027	2010	2011
1026	1027	2010	2084
1027	988	2011	2012
988	1028	2012	2013
1027	1028	2012	2086
1028	989	2013	2014
1028	990	2014	2015
990	1029	2015	2016
1028	1029	2015	2087
1029	991	2016	2017
991	1030	2017	2018
1029	1030	2017	2089
1030	992	2018	2019
992	1031	2019	2020
1030	1031	2019	2091
1031	993	2020	2021
993	1032	2021	2022
1031	1032	2021	2093
1032	994	2022	2023
1032	1033	2023	2095
994	1033	2023	2511
994	995	2024	2561
1303	995	2024	2566
994	1303	2024	2601
1258	1320	2025	2512
1285	1258	2025	2602
1285	1320	2025	2636
1285	1253	2026	2636
1285	1297	2026	2660
1253	1297	2026	2661
1323	1035	2027	2099
1279	1323	2027	2641
1279	1035	2027	2643
1324	1265	2028	2029
1279	1265	2028	2553
1279	1324	2028	2643
1324	998	2029	2644
1265	998	2029	2648
998	1036	2030	2031
1035	1036	2030	2100
998	1035	2030	2644
1036	999	2031	2032
999	1037	2032	2033
1036	1037	2032	2102
1037	1000	2033	2034
1000	1038	2034	2035
1037	1038	2034	2104
1038	1001	2035	2036
1001	1039	2036	2037
1038	1039	2036	2106
1039	1002	2037	2038
1002	1040	2038	2039
1039	1040	2038	2108
1040	1003	2039	2040
1003	1041	2040	2041
1040	1041	2040	2110
1041	1004	2041	2042
1004	1042	2042	2043
1041	1042	2042	2112
1042	1005	2043	2044
1042	1006	2044	2045
1006	1043	2045	2046
1042	1043	2045	2113
1043	1007	2046	2047
1007	1044	2047	2048
1043	1044	2047	2115
1044	1008	2048	2049
1008	1045	2049	2050
1044	1045	2049	2117
1045	1009	2050	2051
1009	1046	2051	2052
1045	1046	2051	2119
1046	1010	2052	2053
1010	1047	2053	2054
1046	1047	2053	2121
1047	1011	2054	2055
1011	1048	2055	2056
1047	1048	2055	2123
1048	1012	2056	2057
1012	1049	2057	2058
1048	1049	2057	2125
1049	1013	2058	2059
1049	1014	2059	2060
1014	1050	2060	2061
1049	1050	2060	2126
1050	1015	2061	2062
1015	1051	2062	2063
1050	1051	2062	2128
1051	1016	2063	2064
1016	1052	2064	2065
1051	1052	2064	2130
1052	1017	2065	2066
1017	1053	2066	2067
1052	1053	2066	2132
1053	1018	2067	2068
1018	1054	2068	2069
1053	1054	2068	2134
1054	1019	2069	2070
1019	1055	2070	2071
1054	1055	2070	2136
1055	1020	2071	2072
1020	1056	2072	2073
1055	1056	2072	2138
1056	1021	2073	2074
1056	982	2074	2075
1056	1022	2075	2139
1057	1023	2076	2077
1022	1057	2076	2140
1023	1058	2077	2078
1057	1058	2077	2141
1058	1024	2078	2079
1024	1059	2079	2080
1058	1059	2079	2143
1059	1025	2080	2081
1025	1060	2081	2082
1059	1060	2081	2145
1060	1026	2082	2083
1026	1061	2083	2084
1060	1061	2083	2147
1061	1027	2084	2085
1027	1062	2085	2086
1061	1062	2085	2148
1062	1028	2086	2087
1062	1029	2087	2088
1029	1063	2088	2089
1062	1063	2088	2150
1063	1030	2089	2090
1030	1064	2090	2091
1063	1064	2090	2152
1064	1031	2091	2092
1031	1065	2092	2093
1064	1065	2092	2154
1065	1032	2093	2094
1032	1066	2094	2095
1065	1066	2094	2156
1066	1033	2095	2096
1033	1067	2096	2097
1066	1067	2096	2157
1033	1319	2097	2538
1067	1319	2097	2633
1067	1068	2098	2159
1034	1067	2098	2521
1034	1068	2098	2524
1068	1035	2099	2100
1323	1068	2099	2642
1068	1036	2100	2101
1036	1069	2101	2102
1068	1069	2101	2161
1069	1037	2102	2103
1037	1070	2103	2104
1069	1070	2103	2163
1070	1038	2104	2105
1038	1071	2105	2106
1070	1071	2105	2165
1071	1039	2106	2107
1039	1072	2107	2108
1071	1072	2107	2166
1072	1040	2108	2109
1040	1073	2109	2110
1072	1073	2109	2168
1073	1041	2110	2111
1041	1074	2111	2112
1073	1074	2111	2170
1074	1042	2112	2113
1074	1043	2113	2114
1043	1075	2114	2115
1074	1075	2114	2172
1075	1044	2115	2116
1044	1076	2116	2117
1075	1076	2116	2174
1076	1045	2117	2118
1045	1077	2118	2119
1076	1077	2118	2175
1077	1046	2119	2120
1046	1078	2120	2121
1077	1078	2120	2177
1078	1047	2121	2122
1047	1079	2122	2123
1078	1079	2122	2179
1079	1048	2123	2124
1048	1080	2124	2125
1079	1080	2124	2181
1080	1049	2125	2126
1080	1050	2126	2127
1050	1081	2127	2128
1080	1081	2127	2183
1081	1051	2128	2129
1051	1082	2129	2130
1081	1082	2129	2184
1082	1052	2130	2131
1052	1083	2131	2132
1082	1083	2131	2186
1083	1053	2132	2133
1053	1084	2133	2134
1083	1084	2133	2188
1084	1054	2134	2135
1054	1085	2135	2136
1084	1085	2135	2190
1085	1055	2136	2137
1055	1086	2137	2138
1085	1086	2137	2192
1086	1056	2138	2139
1086	1022	2139	2140
1086	1057	2140	2193
1087	1058	2141	2142
1057	1087	2141	2194
1058	1088	2142	2143
1087	1088	2142	2195
1088	1059	2143	2144
1059	1089	2144	2145
1088	1089	2144	2197
1089	1060	2145	2146
1060	1090	2146	2147
1089	1090	2146	2199
1090	1061	2147	2148
1090	1062	2148	2149
1062	1091	2149	2150
1090	1091	2149	2201
1091	1063	2150	2151
1063	1092	2151	2152
1091	1092	2151	2202
1092	1064	2152	2153
1064	1093	2153	2154
1092	1093	2153	2204
1093	1065	2154	2155
1065	1094	2155	2156
1093	1094	2155	2206
1094	1066	2156	2157
1094	1067	2157	2158
1067	1095	2158	2159
1094	1095	2158	2208
1095	1068	2159	2160
1068	1096	2160	2161
1095	1096	2160	2210
1096	1069	2161	2162
1069	1097	2162	2163
1096	1097	2162	2211
1097	1070	2163	2164
1070	1098	2164	2165
1097	1098	2164	2213
1098	1071	2165	2166
1098	1072	2166	2167
1072	1099	2167	2168
1098	1099	2167	2215
1099	1073	2168	2169
1073	1100	2169	2170
1099	1100	2169	2217
1100	1074	2170	2171
1074	1101	2171	2172
1100	1101	2171	2219
1101	1075	2172	2173
1075	1102	2173	2174
1101	1102	2173	2220
1102	1076	2174	2175
1102	1077	2175	2176
1077	1103	2176	2177
1102	1103	2176	2222
1103	1078	2177	2178
1078	1104	2178	2179
1103	1104	2178	2224
1104	1079	2179	2180
1079	1105	2180	2181
1104	1105	2180	2226
1105	1080	2181	2182
1080	1106	2182	2183
1105	1106	2182	2228
1106	1081	2183	2184
1106	1082	2184	2185
1082	1107	2185	2186
1106	1107	2185	2229
1107	1083	2186	2187
1083	1108	2187	2188
1107	1108	2187	2231
1108	1084	2188	2189
1084	1109	2189	2190
1108	1109	2189	2233
1109	1085	2190	2191
1085	1110	2191	2192
1109	1110	2191	2235
1110	1086	2192	2193
1110	1057	2193	2194
1110	1087	2194	2236
1111	1088	2195	2196
1087	1111	2195	2237
1088	1112	2196	2197
1111	1112	2196	2238
1112	1089	2197	2198
1089	1113	2198	2199
1112	1113	2198	2240
1113	1090	2199	2200
1090	1114	2200	2201
1113	1114	2200	2241
1114	1091	2201	2202
1114	1092	2202	2203
1092	1115	2203	2204
1114	1115	2203	2243
1115	1093	2204	2205
1093	1116	2205	2206
1115	1116	2205	2245
1116	1094	2206	2207
1094	1117	2207	2208
1116	1117	2207	2246
1117	1095	2208	2209
1095	1118	2209	2210
1117	1118	2209	2248
1118	1096	2210	2211
1118	1097	2211	2212
1097	1119	2212	2213
1118	1119	2212	2250
1119	1098	2213	2214
1098	1120	2214	2215
1119	1120	2214	2251
1120	1099	2215	2216
1099	1121	2216	2217
1120	1121	2216	2253
1121	1100	2217	2218
1100	1122	2218	2219
1121	1122	2218	2254
1122	1101	2219	2220
1122	1102	2220	2221
1102	1123	2221	2222
1122	1123	2221	2256
1123	1103	2222	2223
1103	1124	2223	2224
1123	1124	2223	2258
1124	1104	2224	2225
1104	1125	2225	2226
1124	1125	2225	2259
1125	1105	2226	2227
1105	1126	2227	2228
1125	1126	2227	2261
1126	1106	2228	2229
1126	1107	2229	2230
1107	1127	2230	2231
1126	1127	2230	2263
1127	1108	2231	2232
1108	1128	2232	2233
1127	1128	2232	2264
1128	1109	2233	2234
1109	1129	2234	2235
1128	1129	2234	2266
1129	1110	2235	2236
1129	1087	2236	2237
1129	1111	2237	2267
1130	1112	2238	2239
1111	1130	2238	2268
1112	1131	2239	2240
1130	1131	2239	2269
1131	1113	2240	2241
1131	1114	2241	2242
1114	1132	2242	2243
1131	1132	2242	2270
1132	1115	2243	2244
1115	1133	2244	2245
1132	1133	2244	2272
1133	1116	2245	2246
1133	1117	2246	2247
1117	1134	2247	2248
1133	1134	2247	2273
1134	1118	2248	2249
1118	1135	2249	2250
1134	1135	2249	2275
1135	1119	2250	2251
1135	1120	2251	2252
1120	1136	2252	2253
1135	1136	2252	2276
1136	1121	2253	2254
1136	1122	2254	2255
1122	1137	2255	2256
1136	1137	2255	2278
1137	1123	2256	2257
1123	1138	2257	2258
1137	1138	2257	2279
1138	1124	2258	2259
1138	1125	2259	2260
1125	1139	2260	2261
1138	1139	2260	2281
1139	1126	2261	2262
1126	1140	2262	2263
1139	1140	2262	2282
1140	1127	2263	2264
1140	1128	2264	2265
1128	1141	2265	2266
1140	1141	2265	2284
1141	1129	2266	2267
1141	1111	2267	2268
1141	1130	2268	2285
1142	1131	2269	2270
1130	1142	2269	2286
1142	1132	2270	2271
1132	1143	2271	2272
1142	1143	2271	2287
1143	1133	2272	2273
1143	1134	2273	2274
1134	1144	2274	2275
1143	1144	2274	2288
1144	1135	2275	2276
1144	1136	2276	2277
1136	1145	2277	2278
1144	1145	2277	2289
1145	1137	2278	2279
1145	1138	2279	2280
1138	1146	2280	2281
1145	1146	2280	2290
1146	1139	2281	2282
1146	1140	2282	2283
1140	1147	2283	2284
1146	1147	2283	2291
1147	1141	2284	2285
1147	1130	2285	2286
1147	1142	2286	2292
1148	1143	2287	2288
1142	1148	2287	2292
1148	1144	2288	2289
1148	1145	2289	2290
1148	1146	2290	2291
1148	1147	2291	2292
1174	1164	2293	2344
1220	1174	2293	2436
106	1192	2294	2346
106	1244	2294	2417
1244	1192	2294	2484
1168	1160	2295	2332
1168	1197	2295	2390
1160	1197	2295	2461
1175	1240	2296	2380
1217	1175	2296	2430
1217	1240	2296	2476
1177	1230	2297	2350
1204	1177	2297	2404
1204	1230	2297	2456
1177	74	2298	2404
1188	1177	2298	2444
1180	1248	2299	2355
1180	1213	2299	2421
1213	1248	2299	2491
1152	1185	2300	2313
1227	1152	2300	2398
1227	1185	2300	2449
1165	1223	2301	2359
1165	1187	2301	2369
1187	1223	2301	2441
1183	1153	2302	2326
1183	104	2302	2362
1166	1154	2303	2328
1154	1201	2303	2354
1166	1201	2303	2450
1184	1154	2304	2328
1184	141	2304	2364
1189	1155	2305	2325
47	1155	2305	2371
47	1189	2305	2373
1165	1155	2306	2325
1182	1155	2306	2349
1165	1182	2306	2359
1174	107	2307	2436
1190	107	2307	2469
1190	1174	2307	2478
1169	1190	2308	2375
1169	1237	2308	2427
1190	1237	2308	2469
143	1194	2309	2310
1173	143	2309	2318
1173	1194	2309	2384
185	1194	2310	2383
1199	75	2311	2312
1176	75	2311	2322
1199	1176	2311	2468
48	1199	2312	2393
1185	1180	2313	2365
1152	1180	2313	2421
1167	1159	2314	2330
1167	1200	2314	2396
1159	1200	2314	2445
1160	1167	2315	2329
1167	1205	2315	2405
1160	1205	2315	2462
1233	1175	2316	2345
1175	1197	2316	2389
1233	1197	2316	2461
1161	1171	2317	2412
1213	1171	2317	2490
1161	1213	2317	2491
1208	1173	2318	2479
1208	143	2318	2486
1162	1214	2319	2337
1162	184	2319	2419
184	1214	2319	2423
1162	1171	2320	2337
1209	1162	2320	2353
1209	1171	2320	2489
75	1215	2321	2322
1215	108	2321	2426
1176	1215	2322	2425
1164	1195	2323	2344
1195	1172	2323	2386
1164	1172	2323	2434
1219	144	2324	2340
1219	145	2324	2433
1189	1165	2325	2374
1183	1165	2326	2361
1153	1165	2326	2369
1166	1159	2327	2366
1202	1166	2327	2452
1202	1159	2327	2459
1184	1166	2328	2451
1203	1167	2329	2454
1160	1203	2329	2455
1207	1167	2330	2453
1207	1159	2330	2460
1168	1198	2331	2391
1235	1168	2331	2403
1235	1198	2331	2465
1204	1168	2332	2403
1204	1160	2332	2456
1193	1169	2333	2381
1239	1169	2333	2429
1193	1239	2333	2473
1156	1169	2334	2375
1217	1169	2334	2429
1217	1156	2334	2476
1161	1191	2335	2342
1170	1191	2335	2378
1210	1156	2336	2343
1170	1156	2336	2379
1170	1210	2336	2415
1171	1214	2337	2424
1208	1171	2338	2412
1171	1245	2338	2424
1208	1245	2338	2486
1172	144	2339	2340
1172	1196	2339	2387
1219	1172	2340	2434
1173	1157	2341	2384
1218	1173	2341	2432
1161	1242	2342	2411
1242	1191	2342	2480
1156	1241	2343	2376
1210	1241	2343	2477
1174	1195	2344	2385
1205	1175	2345	2406
1233	1205	2345	2462
1175	1192	2346	2380
1175	106	2346	2406
1158	1236	2347	2394
1206	1236	2347	2467
1176	1193	2348	2382
1176	1150	2348	2408
1150	1193	2348	2473
1155	1224	2349	2372
1182	1224	2349	2443
1177	1203	2350	2401
1203	1230	2350	2455
1181	1178	2351	2358
1221	1178	2351	2370
1221	1181	2351	2438
1178	1202	2352	2399
1202	1232	2352	2459
1246	1162	2353	2420
1209	1246	2353	2487
1226	1201	2354	2448
1211	1180	2355	2418
1211	1248	2355	2492
1225	1180	2356	2365
1180	1200	2356	2395
1225	1200	2356	2445
1181	105	2357	2358
105	1178	2358	2399
1223	1182	2359	2442
1151	1177	2360	2401
1182	1151	2360	2442
1182	1177	2360	2443
1222	1165	2361	2374
1222	1183	2361	2440
73	1183	2362	2440
105	1184	2363	2364
105	1228	2363	2400
1184	1228	2363	2451
1225	1185	2365	2446
1185	1159	2366	2446
1166	1185	2366	2449
1186	142	2367	2368
1186	1179	2368	2447
1153	1187	2369	2437
1221	1187	2370	2437
1155	1188	2371	2372
1224	1188	2372	2444
73	1189	2373	2439
1222	1189	2374	2439
1156	1190	2375	2376
1241	1190	2376	2478
1173	1149	2377	2432
1191	1173	2377	2480
1191	1149	2377	2481
1170	1243	2378	2415
1191	1243	2378	2481
1192	1156	2379	2475
1192	1170	2379	2484
1192	1240	2380	2475
1163	1193	2381	2471
1176	1238	2382	2425
1193	1238	2382	2471
1194	1157	2383	2384
185	1157	2383	2388
1149	1195	2385	2386
1174	1149	2385	2416
1149	1172	2386	2431
1157	1196	2387	2388
1175	1150	2389	2430
1197	1150	2389	2463
1168	1234	2390	2407
1197	1234	2390	2463
1198	1158	2391	2392
48	1158	2392	2393
1158	1199	2393	2394
1236	1199	2394	2468
1180	106	2395	2418
1200	106	2395	2457
1167	1231	2396	2405
1200	1231	2396	2457
1201	1152	2397	2398
1179	1152	2397	2414
1201	1179	2397	2448
1227	1201	2398	2450
105	1202	2399	2400
1228	1202	2400	2452
1151	1203	2401	2402
1151	1229	2402	2409
1203	1229	2402	2454
1235	1204	2403	2466
74	1204	2404	2466
1205	1231	2405	2458
1205	106	2406	2458
1234	1206	2407	2464
1206	1150	2408	2464
1206	1176	2408	2467
1151	1207	2409	2410
1207	1229	2409	2453
1161	1208	2411	2412
1208	1242	2411	2479
1152	1209	2413	2414
1152	1247	2413	2422
1209	1247	2413	2489
1179	1209	2414	2487
1243	1210	2415	2482
1210	1174	2416	2477
1210	1149	2416	2482
106	1211	2417	2418
1211	1244	2417	2483
1212	1162	2419	2420
1246	1212	2420	2488
1152	1213	2421	2422
1213	1247	2422	2490
1214	143	2423	2485
1214	1245	2424	2485
1215	1238	2425	2472
1215	1163	2426	2472
1216	1237	2427	2470
1216	107	2428	2470
1239	1217	2429	2474
1150	1217	2430	2474
1149	1218	2431	2432
1164	1219	2433	2434
107	1220	2435	2436
1153	1221	2437	2438
73	1222	2439	2440
1223	1151	2441	2442
1224	1177	2443	2444
1159	1225	2445	2446
1226	1179	2447	2448
1166	1227	2449	2450
1228	1166	2451	2452
1229	1167	2453	2454
1230	1160	2455	2456
1231	106	2457	2458
1232	1159	2459	2460
1160	1233	2461	2462
1234	1150	2463	2464
74	1235	2465	2466
1236	1176	2467	2468
1237	107	2469	2470
1238	1163	2471	2472
1150	1239	2473	2474
1240	1156	2475	2476
1241	1174	2477	2478
1242	1173	2479	2480
1243	1149	2481	2482
1244	1170	2483	2484
1245	143	2485	2486
1179	1246	2487	2488
1247	1171	2489	2490
1248	1161	2491	2492
1276	1299	2493	2593
953	1276	2493	2609
1305	1270	2494	2605
1305	1345	2494	2685
996	1278	2495	2507
1278	1288	2495	2571
996	1288	2495	2686
1295	1274	2496	2586
1256	1274	2496	2638
1256	1295	2496	2657
1269	1292	2497	2579
1341	1292	2497	2677
1314	1259	2498	2514
1281	1259	2498	2606
1314	1281	2498	2624
1252	1283	2499	2500
994	1283	2499	2561
1252	1315	2500	2532
1283	1315	2500	2667
1301	1263	2501	2564
1271	1263	2501	2634
1301	1271	2501	2688
1284	1331	2502	2563
1284	1295	2502	2585
1295	1331	2502	2657
1272	997	2503	2526
1287	997	2503	2549
1287	1272	2503	2570
1249	1304	2504	2535
1249	1277	2504	2596
1304	1277	2504	2604
952	1293	2505	2665
1293	1280	2505	2676
1268	1293	2506	2581
1293	1335	2506	2665
996	1296	2507	2508
1296	1278	2507	2588
1330	996	2508	2615
1330	1296	2508	2656
1257	1298	2509	2510
1257	1275	2509	2545
1275	1298	2509	2591
906	1298	2510	2592
906	1257	2510	2594
1033	1302	2511	2537
994	1302	2511	2600
1258	1271	2512	2599
1271	1320	2512	2687
1307	1259	2513	2541
1259	1344	2513	2567
1307	1344	2513	2684
1259	1273	2514	2541
1314	1273	2514	2623
1260	1267	2515	2589
1267	1310	2515	2655
1260	1310	2515	2674
1292	1281	2516	2580
1251	1281	2516	2624
1251	1292	2516	2677
1306	1251	2517	2556
1306	1273	2517	2607
1251	1273	2517	2623
1261	1312	2518	2542
905	1312	2518	2620
905	1261	2518	2622
1317	1262	2519	2559
904	1262	2519	2627
904	1317	2519	2629
1290	1262	2520	2531
1334	1262	2520	2559
1334	1290	2520	2664
1318	1034	2521	2522
1318	1067	2521	2632
1284	1034	2522	2585
1284	1318	2522	2689
1034	1322	2523	2524
1274	1034	2523	2586
1274	1322	2523	2640
1068	1322	2524	2639
997	1326	2525	2526
1326	998	2525	2648
1272	1326	2526	2647
1328	1266	2527	2528
1328	955	2527	2651
1266	955	2527	2653
1275	1266	2528	2546
1275	1328	2528	2652
1297	1267	2529	2589
1333	1267	2529	2613
1297	1333	2529	2661
1256	1267	2530	2587
1309	1267	2530	2613
1309	1256	2530	2658
1262	1268	2531	2628
1290	1268	2531	2670
1252	1337	2532	2576
1315	1337	2532	2669
1291	1269	2533	2577
1338	1269	2533	2617
1291	1338	2533	2671
1311	1260	2534	2565
1269	1260	2534	2579
1269	1311	2534	2617
1249	1342	2535	2536
1342	1304	2535	2680
1286	1249	2536	2547
1286	1342	2536	2679
1033	1348	2537	2538
1302	1348	2537	2692
1348	1319	2538	2691
1325	1250	2539	2552
1250	1272	2539	2573
1325	1272	2539	2645
1289	1265	2540	2553
1289	1272	2540	2573
1265	1272	2540	2647
1273	1307	2541	2610
1261	1273	2542	2607
1273	1312	2542	2619
1294	1264	2543	2554
1294	1274	2543	2584
1274	1264	2543	2640
1321	1250	2544	2551
1274	1250	2544	2584
1321	1274	2544	2638
1257	1327	2545	2548
1327	1275	2545	2650
1300	1275	2546	2595
1276	1249	2547	2649
1276	1286	2547	2683
1276	1257	2548	2593
1276	1327	2548	2649
1277	997	2549	2550
1277	1287	2549	2569
1277	1329	2550	2654
1278	1250	2551	2552
1278	1321	2551	2637
1278	1325	2552	2646
1289	1279	2553	2574
1294	1279	2554	2583
1264	1279	2554	2641
1280	1251	2555	2556
1280	1308	2555	2675
1308	1251	2555	2678
1280	1306	2556	2608
1281	1339	2557	2580
1281	1310	2557	2616
1339	1310	2557	2674
1281	1305	2558	2606
1281	996	2558	2616
996	1305	2558	2685
1317	1334	2559	2663
951	1282	2560	2630
1283	995	2561	2562
1283	1291	2562	2668
995	1291	2562	2671
1309	1284	2563	2614
1309	1331	2563	2658
1263	1347	2564	2631
1301	1347	2564	2690
1332	1260	2565	2590
1311	1332	2565	2659
1303	1285	2566	2602
995	1285	2566	2618
1259	1286	2567	2568
1344	1286	2567	2683
1259	1270	2568	2605
1270	1286	2568	2679
1277	1343	2569	2604
1343	1287	2569	2682
1254	1272	2570	2645
1254	1287	2570	2682
1288	1254	2571	2572
1278	1254	2571	2646
1270	1254	2572	2603
1250	1289	2573	2574
1250	1279	2574	2583
1252	1290	2575	2576
1282	1290	2575	2664
1290	1337	2576	2670
1255	1291	2577	2578
1255	1269	2577	2612
1336	1255	2578	2625
1336	1291	2578	2668
1292	1260	2579	2673
1292	1339	2580	2673
1255	1293	2581	2582
1268	1255	2581	2626
1255	1340	2582	2611
1293	1340	2582	2676
1250	1294	2583	2584
1034	1295	2585	2586
1256	1296	2587	2588
1267	1296	2587	2656
1256	1278	2588	2637
1260	1297	2589	2590
1332	1297	2590	2660
1298	954	2591	2592
1275	954	2591	2652
1299	1257	2593	2594
1249	1300	2595	2596
1249	1275	2595	2650
1253	1301	2597	2598
1253	1284	2597	2614
1301	1284	2597	2690
1253	1346	2598	2635
1346	1301	2598	2688
1258	1302	2599	2600
1302	1271	2599	2692
994	1258	2600	2601
1258	1303	2601	2602
1304	1270	2603	2680
1304	1254	2603	2681
1304	1343	2604	2681
1259	1305	2605	2606
1261	1306	2607	2608
1280	1261	2608	2621
953	1307	2609	2610
1307	1276	2609	2684
1273	953	2610	2619
1255	1308	2611	2612
1340	1308	2611	2675
1333	1309	2613	2662
1253	1309	2614	2662
1310	996	2615	2616
1310	1330	2615	2655
1338	1311	2617	2672
1285	1311	2618	2659
995	1311	2618	2672
1312	953	2619	2620
1313	1261	2621	2622
1251	1314	2623	2624
1315	1255	2625	2626
1315	1336	2625	2667
1315	1268	2626	2669
1262	1316	2627	2628
951	1317	2629	2630
1282	1317	2630	2663
1263	1318	2631	2632
1347	1318	2631	2689
1263	1067	2632	2633
1319	1263	2633	2634
1271	1319	2634	2691
1320	1253	2635	2636
1320	1346	2635	2687
1256	1321	2637	2638
1322	1264	2639	2640
1068	1264	2639	2642
1264	1323	2641	2642
1035	1324	2643	2644
1254	1325	2645	2646
1265	1326	2647	2648
1249	1327	2649	2650
954	1328	2651	2652
1266	1329	2653	2654
1267	1330	2655	2656
1331	1256	2657	2658
1285	1332	2659	2660
1253	1333	2661	2662
1282	1334	2663	2664
1335	952	2665	2666
1283	1336	2667	2668
1337	1268	2669	2670
995	1338	2671	2672
1260	1339	2673	2674
1280	1340	2675	2676
1251	1341	2677	2678
1270	1342	2679	2680
1254	1343	2681	2682
1276	1344	2683	2684
996	1345	2685	2686
1271	1346	2687	2688
1284	1347	2689	2690
1271	1348	2691	2692
